00000000000000000000000000000000
00000000000000000000100000000000
00000000000000010111110000000000
00000000000000001111100000000000
00000000000000101110100000000000
00000000000000101110100000000000
00000000000000101110100000000000
00000000000001011111000000000000
00000000000001011101000000000000
00000000000001011101000000000000
00000000000001011101000000000000
00000000000010111110000000000000
00000000000010111010000000000000
00000000000010111010000000000000
00000000000010111010000000000000
00000000000001110010000000000000
00000000000101111100000000000000
00000000000101110100000000000000
00000000000101110100000000000000
00000000000101110100000000000000
00000000000101110100000000000000
00000000000101111000000000000000
00000000001011111000000000000000
00000000001011101000000000000000
00000000001011101000000000000000
00000000001011101000000000000000
00000000001011101000000000000000
00000000001011111000000000000000
00000000001011010000000000000000
00000000000000100000000000000000
00000000000011000000000000000000
00000000000000000000000000000000
