00000000000000000001000000000000
00000000000000000010111111000000
00000000000000000111111111000000
00000000000000000101111010000000
00000000000000001111110100000000
00000000000000001011111000000000
00000000000000011111101000000000
00000000000000010111111000000000
00000000000000111111010000000000
00000000000000101111110000000000
00000000000001111111100000000000
00000000000001011101000000000000
00000000000011111101000000000000
00000000000010111010000000000000
00000000000111111010000000000000
00000000000101111010000000000000
00000000001011111100000000000000
00000000001011110100000000000000
00000000001011110100000000000000
00000000011111101000000000000000
00000000010111101000000000000000
00000000010111101000000000000000
00000000010111111000000000000000
00000000011111010000000000000000
00000000101111010000000000000000
00000000101111100000000000000000
00000000111110100000000000000000
00000001011110100000000000000000
00000001011110100000000000000000
00000001011110100000000000000000
00000001011101000000000000000000
00000000000000000000000000000000
