00000000000000000000000000000000
00000000011111111000000000000000
00000000010111110100000000000000
00000000010111110100000000000000
00000000010111110100000000000000
00000000010111110100000000000000
00000000010111110100000000000000
00000000010111110100000000000000
00000000010111110100000000000000
00000000011111110100000000000000
00000000001011110100000000000000
00000000001011110100000000000000
00000000001011110100000000000000
00000000001011111100000000000000
00000000001011111100000000000000
00000000001011111010000000000000
00000000000111111110000000000000
00000000000101111010000000000000
00000000000101111101000000000000
00000000000101111111000000000000
00000000000010111101000000000000
00000000000011111110100000000000
00000000000001111110100000000000
00000000000001011110100000000000
00000000000001011111110000000000
00000000000001111111010000000000
00000000000000101111010000000000
00000000000000101111110000000000
00000000000000101111111000000000
00000000000000101111101000000000
00000000000000111111110000000000
00000000000000000000000000000000
