00000000000011100000000000000000
00000000000000000000000000000000
00000000001011101000000000000000
00000000001111101000000000000000
00000000010111101000000000000000
00000000010111101000000000000000
00000000010111101000000000000000
00000000010111101000000000000000
00000000010111101000000000000000
00000000010111101000000000000000
00000000010111101000000000000000
00000000010111101000000000000000
00000000010111101000000000000000
00000000010111101000000000000000
00000000010111111000000000000000
00000000010111101000000000000000
00000000010111101000000000000000
00000000010111101000000000000000
00000000010111110000000000000000
00000000011111010000000000000000
00000000101111010000000000000000
00000000101111010000000000000000
00000000101111010000000000000000
00000000101111110000000000000000
00000000101111010000000000000000
00000000111111110000000000000000
00000000101111110000000000000000
00000000111111101000000000000000
00000000010111101000000000000000
00000000011111010000000000000000
00000000101111010000000000000000
00000000000110000000000000000000
