00000000111000000000000000000000
00000111111111000000000000000000
00000101111101000000000000000000
00000010111111100000000000000000
00000011111110100000000000000000
00000001011111110000000000000000
00000001111111010000000000000000
00000000101111111000000000000000
00000000111111101000000000000000
00000000010111110100000000000000
00000000011111111100000000000000
00000000001011111010000000000000
00000000001111111110000000000000
00000000000101111111000000000000
00000000000111111101000000000000
00000000000010111110100000000000
00000000000001111111110000000000
00000000000001011111010000000000
00000000000001011111111000000000
00000000000001111111101000000000
00000000000000101111101000000000
00000000000000111111111000000000
00000000000000010111101000000000
00000000000000010111111100000000
00000000000000010111110100000000
00000000000000011011111100000000
00000000000000001011110110000000
00000000000000001011111010000000
00000000000000011111111010000000
00000000000000001011111010000000
00000000000000001111111110000000
00000000000000000100110000000000
