00000000000000000000000000000000
00000000000000000011100000000000
00000000000000000100000000000000
00000000000000001011111000000000
00000000000000010111101000000000
00000000000000111111010000000000
00000000000000101111110000000000
00000000000001011110100000000000
00000000000001111101000000000000
00000000000011111111000000000000
00000000000010111010000000000000
00000000000111111110000000000000
00000000000101110100000000000000
00000000001111111100000000000000
00000000001011101000000000000000
00000000001011111000000000000000
00000000010111001000000000000000
00000000010111110000000000000000
00000000101111010000000000000000
00000000111110100000000000000000
00000000101110100000000000000000
00000001011111000000000000000000
00000001111101000000000000000000
00000001011101000000000000000000
00000010111010000000000000000000
00000011111010000000000000000000
00000101110100000000000000000000
00000101111100000000000000000000
00001011110100000000000000000000
00001011101000000000000000000000
00001011111000000000000000000000
00000000000000000000000000000000
