00000000011111100000000000000000
00000000000000010000000000000000
00000001111111101000000000000000
00000000111111110100000000000000
00000000000011111010000000000000
00000000011101111111000000000000
00000000000010111101000000000000
00000000000011111101000000000000
00000000000010111101000000000000
00000000000011111110000000000000
00000000000101111010000000000000
00000000000101111110000000000000
00000000001011110100000000000000
00000000001111111100000000000000
00000000001111101000000000000000
00000000010111111000000000000000
00000000010111101000000000000000
00000000010111101000000000000000
00000000010111101000000000000000
00000000010111101000000000000000
00000000010111111000000000000000
00000000011111101000000000000000
00000000001111110100000000000000
00000000001111110100000000000000
00000000001011111100000000000000
00000000000101111010000000000000
00000000000101111110000000000000
00000000000111111010000000000000
00000000000100111101000000000000
00000000001111111111000000000000
00000000001111110000000000000000
00000000000000000100000000000000
