00000000000000010011110000000000
00000000000000101111111100000000
00000000000001111111101000000000
00000000000011111111010000000000
00000000000010111110100000000000
00000000000101111111100000000000
00000000001111111111000000000000
00000000001111111010000000000000
00000000011111110100000000000000
00000000010111111100000000000000
00000000111111101000000000000000
00000001111111110000000000000000
00000001011111010000000000000000
00000011111110100000000000000000
00000010111111100000000000000000
00000111111101000000000000000000
00000101111101000000000000000000
00001111111110000000000000000000
00001011111010000000000000000000
00011111111100000000000000000000
00010111110100000000000000000000
00111111111000000000000000000000
00101111101000000000000000000000
01111111111000000000000000000000
01011111010000000000000000000000
01011111110000000000000000000000
01011111010000000000000000000000
01111111010000000000000000000000
10111111100000000000000000000000
10111110100000000000000000000000
11111111000000000000000000000000
00011010000000000000000000000000
