00000000000000000000101111010000
00000000000000000001011111110000
00000000000000000010111110100000
00000000000000000101111101000000
00000000000000001011111010000000
00000000000000011111110100000000
00000000000000010111101000000000
00000000000000101111111000000000
00000000000001011111010000000000
00000000000011111110100000000000
00000000000010111111100000000000
00000000000111111101000000000000
00000000000101111010000000000000
00000000001011111110000000000000
00000000011111110100000000000000
00000000010111101000000000000000
00000000111111111000000000000000
00000000101111010000000000000000
00000001111111110000000000000000
00000001011110100000000000000000
00000010111111100000000000000000
00000010111101000000000000000000
00000101111111000000000000000000
00000101111110000000000000000000
00001111111010000000000000000000
00001111111110000000000000000000
00001011110100000000000000000000
00011111111100000000000000000000
00010111101000000000000000000000
00101111111000000000000000000000
00101111111000000000000000000000
00111111010000000000000000000000
