00000000000000000000000000000011
00000000000000000000000000000111
00000000000000000000000000011110
00000000000000000000000000111100
00000000000000000000000001110000
00000000000000000000000111100000
00000000000000000000001111000000
00000000000000000000011100000000
00000000000000000001111000000000
00000000000000000011110000000000
00000000000000001111000000000000
00000000000000011100000000000000
00000000000001111000000000000000
00000000000011110000000000000000
00000000001111000000000000000000
00000000011110000000000000000000
00000000111100000000000000000000
00000001111000000000000000000000
00000011110000000000000000000000
00000111100000000000000000000000
00001111000000000000000000000000
00011110000000000000000000000000
00111100000000000000000000000000
00111000000000000000000000000000
01110000000000000000000000000000
11100000000000000000000000000000
11000000000000000000000000000000
11000000000000000000000000000000
10000000000000000000000000000000
00000000000000000000000000000000
00000000000000000000000000000000
10000000000000000000000000000000
