00000000000000000000000011011110
00000000000000000000000010111010
00000000000000000000000111110100
00000000000000000000000101101100
00000000000000000000001011111000
00000000000000000000011111010000
00000000000000000000010110100000
00000000000000000000101111100000
00000000000000000001111101000000
00000000000000000001011010000000
00000000000000000010111110000000
00000000000000000111110100000000
00000000000000000101111100000000
00000000000000001111101000000000
00000000000000001011010000000000
00000000000000011111110000000000
00000000000000010110100000000000
00000000000000101111100000000000
00000000000001111101000000000000
00000000000001011011000000000000
00000000000011111010000000000000
00000000000010110100000000000000
00000000000101111100000000000000
00000000001111101000000000000000
00000000001011111000000000000000
00000000010111010000000000000000
00000000111110100000000000000000
00000000101101100000000000000000
00000001011111000000000000000000
00000011111010000100000000000000
00000011110100000000000000000000
00000101101100000110000000000000
