00000000000000000000000000011111
00000000000000000000000001111110
00000000000000000000000111110000
00000000000000000000011111000000
00000000000000000000111100000000
00000000000000000011110000000000
00000000000000000111100000000000
00000000000000011110000000000000
00000000000000111100000000000000
00000000000001111000000000000000
00000000000111100000000000000000
00000000001111000000000000000000
00000000011110000000000000000000
00000001111000000000000000000000
00000011110000000000000000000000
00000111100000000000000000000000
00011111000000000000000000000000
00011110000000000000000000000000
00111100000000000000000000000000
11111000000000000000000000000000
11110000000000000000000000000000
11100000000000000000000000000000
11000000000000000000000000000000
11000000000000000000000000000000
10000000000000000000000000000000
00000000000000000000000000000000
00000000000000000000000000000000
00000000000000000000000000000000
00000000000000000000000000000000
00000000000000000000000000000000
00000000000000000000000000000000
11000000000000000000000000000000
