00000000000000000000000000000000
00000000000000000000000000001111
00000000000000000000000000011110
00000000000000000000000000111000
00000000000000000000000001110000
00000000000000000000000011100000
00000000000000000000000111000000
00000000000000000000011110000000
00000000000000000000111100000000
00000000000000000000111000000000
00000000000000000011110000000000
00000000000000000111100000000000
00000000000000001110000000000000
00000000000000011100000000000000
00000000000000111000000000000000
00000000000001110000000000000000
00000000000011110000000000000000
00000000000111000000000000000000
00000000001110000000000000000000
00000000011110000000000000000000
00000000011100000000000000000000
00000000111000000000000000000000
00000001110000000000000000000000
00000011100000000000000000000000
00000111000000000000000000000000
00001110000000000000000000000000
00011100000000000000000000000000
00111000000000000000000000000000
01111000000000000000000000000000
11110000000000000000000000000000
11100000000000000000000000000000
11100000000000000000000000000000
