00000000000000000000000001111000
00000000000000000000000111111100
00000000000000000000001111110000
00000000000000000000011111000000
00000000000000000000111110000000
00000000000000000001111000000000
00000000000000000011110000000000
00000000000000000111100000000000
00000000000000011111000000000000
00000000000000111110000000000000
00000000000001111100000000000000
00000000000111110000000000000000
00000000000111100000000000000000
00000000001111100000000000000000
00000000001111000000000000000000
00000000011111000000000000000000
00000000011111000000000000000000
00000000111110000000000000000000
00000000111110000000000000000000
00000001111100000000000000000000
00000001111000000000000000000000
00000111111000000000000000000000
00001111100000000000000000000000
00011111100000000000000000000000
00111110000000000000000000000000
01111110000000000000000000000000
01111100000000000000000000000000
11111100000000000000000000000000
11111100000000000000000000000000
11111100000000000000000000000000
11111100000000000000000000000000
11111110000000000000000000000000
