00000000000000000000000000000000
00000000000000000000000000111000
00000000000000000000000000110000
00000000000000000000000001110000
00000000000000000000000011100000
00000000000000000000000011000000
00000000000000000000000110000000
00000000000000000000001100000000
00000000000000000000011000000000
00000000000000000000110000000000
00000000000000000001100000000000
00000000000000000011000000000000
00000000000000000110000000000000
00000000000000001100000000000000
00000000000000011000000000000000
00000000000000110000000000000000
00000000000001100000000000000000
00000000000011000000000000000000
00000000000110000000000000000000
00000000001100000000000000000000
00000000011100000000000000000000
00000000011000000000000000000000
00000000110000000000000000000000
00000001100000000000000000000000
00000011000000000000000000000000
00000011000000000000000000000000
00000110000000000000000000000000
00001100000000000000000000000000
00001100000000000000000000000000
00011100000000000000000000000000
00011100000000000000000000000000
00001000000000000000000000000000
