00000000000000000000000000000000
00000000000000000000000000111100
00000000000000000000000011111000
00000000000000000000111111100000
00000000000000000111101111000000
00000000000111111000001110000000
00000011111100000000011100000000
00000000000000000000111100000000
00000000000000000000111000000000
00000000000000000001110000000000
00000000000000000011110000000000
00000000000000000011100000000000
00000000000000000111000000000000
00000000000000001111000000000000
00000000000000001110000000000000
00000000000000011110000000000000
00000000000000011110000000000000
00000000000000111100000000000000
00000000000000111000000000000000
00000000000000111000000000000000
00000000000001111000000000000000
00000000000011110000000000000000
00000000000011110000000000000000
00000000000011110000000000000000
00000000000011100000000000000000
00000000000011100000000000000000
00000000000111100000000000000000
00000000000111100000000000000000
00000000000111100000000000000000
00000000000111100000000000000000
00000000000011100000000000000000
00000000000001110000000000000000
