00000000010110100000000000000000
00000000010110100000000001110001
00000000010110100000111111111101
00000000010110100000000000000000
00000000010110100000000000000000
00000000010110100000000000000000
00000000010111010000000000000000
00000000010111010000000000000000
00000000000011010000000000000000
00000000001011010000000000000000
00000000001011010000000000000000
00000000001011010000000000000000
00000000001011010000000000000000
00000000001011010000000101111110
00000000001011010000001101111111
00000000001011010000000000000000
00000000001011010000000001000000
00000000001011010000000000000000
00000000001011010000000000000000
00000000001011010000000000000000
00000000001011010000000000000000
00000000001011010000000000000000
00000000001111010000000000000000
00000000010111000000000000000000
00000000010110100000000000000000
00000000010110100100111111111111
00000000010110101110111111111111
00000000010110100000000000000000
00000000010110100000000000000000
00000000010110100000000000000000
00000000010110100000000000000000
00000000010110100000000000001000
