00000000000000000000000001000000
00000000000000000000000111000000
00000000000000000000000111000000
00000000000000000000001111000000
00000000000000000000001110000000
00000000000000000000001110000000
00000000000000000000011100000000
00000000000000000000011100000000
00000000000000000000111000000000
00000000000000000001110000000000
00000000000000000111110000000000
00000010000000011111100000000000
00011100000000110001100000000000
00111000000011000001100000000000
00001111111100000001100000000000
00000000000000000001100000000000
00000000000000000011100000000000
00000000000000000011000000000000
00000000000000000011000000000000
00000000000000000011000000000000
00000000000000000011000000000000
00000000000000000011000000000000
00000000000000000011000000000000
00000000000000000011100000000000
00000000000000000011100000000000
00000000000000000011100000000000
00000000000000000001100000000000
00000000000000000001100000000000
00000000000000000001110000000000
00000000000000000000110000000000
00000000000000000000111000000000
00000000000000000000011110000000
