00000000000000000000001011010000
00010000001111000000011111110111
10010000001111000000010110100111
00000000000000000000101101000000
00000000000000000001011111000000
00000000000000000011111010000000
00000000000000000010110100000000
00000000000000000101111100000000
00000000000000001111101000000000
00000000000000001011010000000000
00000000000000010111110000000000
00000000000000110110100000000000
00000000000000101111100000000000
00000000000001111111000000000000
00000000000001011010000000000000
00000000000011111110000000000000
00000000000010110100000000000000
00000000000010110100000000000000
00000000000101111100000000000000
00000000000101101000000000000000
00000000000111111000000000000000
00000000001011101000000000000000
00000000001111010000000000000000
00000000001011010000000000000000
00000000011111010000000000000000
00000000010111110000000000000000
00000000101110100000000000000000
00000001101101000000000000000000
00000011011011000000000000000000
00000010111110000000000000000000
00000101110100000000000000000000
00001111101000000000000000000000
