00000000000000000000000000000000
00000000000011000000000000000000
00000000000111111000000000000000
00000000000111111000000000000000
00000000000111111000000000000000
00000000000111111000000000000000
00000000000111111000000000000000
00000000000111111000000000000000
00000000001111111000000000000000
00000000001111111000000000000000
00000000001111111000000000000000
00000000001111111000000000000000
00000000001111111000000000000000
00000000001111110000000000000000
00000000001111110000000000000000
00000000011111110000000000000000
00000000011111110000000000000000
00000000011111110000000000000000
00000000011111110000000000000000
00000000011111110000000000000000
00000000011111110000000000000000
00000000001111111000000000000000
00000000001111111000000000000000
00000000011111111000000000000000
00000000111111110000000000000000
00000000111111100000000000000000
00000001111111110000000000000000
00000001111111111110000000000000
00000001111111111110000000000000
00000001111111111000000000000000
00000000111111000000000000000000
00000000000000000000000000000000
