00000000000111110000000000000000
00000000000101101000000000000000
00000000001011101000000000000000
00000000001011010000000000000000
00000000010111110000000000000000
00000000010111110000000000000000
00000000010111010000000000000000
00000000001011101000000000000000
00000000001111111000000000000000
00000000000101110100000000000000
00000000000111110100000000000000
00000000000101110100000000000000
00000000001111110100000000000000
00000000001011110000000000000000
00000000001011101000000000000000
00000000001011101000000000000000
00000000001011101000000000000000
00000000001011101000000000000000
00000000001011101000000000000000
00000000001011101000000000000000
00000000001011101000000000000000
00000000001011101000000000000000
00000000001011111000000000000000
00000000001111101000000000000000
00000000000101110100000000000000
00000000000111111110000000000000
00000000000010111010000000000000
00000000000001111101000000000000
00000000000001011101000000000000
00000000000001011101000000000000
00000000000001011111000000000000
00000001100001011111100000000000
