00000000000000000000000000000000
00000000000000000000000000000000
00000000000000000000000000000000
00000000000000000000000000000000
00000000001111100000000000000000
00000000011111111100000000000000
00000000011111110000000000000000
00000000001111100000000000000000
00000000001111100000000000000000
00000000001111100000000000000000
00000000001111000000000000000000
00000000001111000000000000000000
00000000001111000000000000000000
00000000001111000000000000000000
00000000011111000000000000000000
00000000011111000000000000000000
00000000011111000000000000000000
00000000111111000000000000000000
00000000111111000000000000000000
00000000111111000000000000000000
00000000111111000000000000000000
00000000111111000000000000000000
00000000111110000000000000000000
00000001111110000000000000000000
00000011111111000000000000000000
00000000111100000000000000000000
00000000000000000000000000000000
00000000000000000000000000000000
00000000000000000000000000000000
00000000000000000000000000000000
00000000000000000000000000000000
00000000000000000000000000000000
