00000000000011110100000000000000
00000000111111110100000000000000
00000000111111110100000000000000
00000000001101110100000000000000
00000000000011110100000000000000
00000000001100110100000000000000
00000000000010110100000000000000
00000000000010110100000000000000
00000000000010111010000000000000
00000000000010111010000000000000
00000000000010111010000000000000
00000000000010111010000000000000
00000000000010111010000000000000
00000000000010111010000000000000
00000000000010011010000000000000
00000000000001011010000000000000
00000000000001011010000000000000
00000000000001011010000000000000
00000000000001011010000000000000
00000000000001011010000000000000
00000000000001011010000000000000
00000000000001011101000000000000
00000000000001011000000000000000
00000000000001011010000000000000
00000000000001011010000000000000
00000000000001011101000000000000
00000000000001011101000000000000
00000000000001011101000000000000
00000000000001111111000000000000
00000000000001011100000000000000
00000000000001111111010000000000
00000000000101111111010000000000
