00000000000000000000000000000000
00000000000000000000000000000000
00000000000000000000000000000000
00000000000000011000000000000000
00000000000000000000000000000000
00000000000001011010000000000000
00000000000001011010000000000000
00000000000000011000000000000000
00000000000000011000000000000000
00000000000000011000000000000000
00000000000000011000000000000000
00000000000000011000000000000000
00000000000000011000000000000000
00000000000000011000000000000000
00000000000000011000000000000000
00000000000000111000000000000000
00000000000000011010000000000000
00000000000010111010000000000000
00000000000010111010000000000000
00000000000010111010000000000000
00000000000010111010000000000000
00000000000010111010000000000000
00000000000010111010000000000000
00000000000000111010000000000000
00000000000001011010000000000000
00000000000000000000000000000000
00000000000000011000000000000000
00000000000000000000000000000000
00000000000000000000000000000000
00000000000000000000000000000000
00000000000000000000000000000000
00000000000000000000000000000000
