00000000000000010000000000000000
00000000000010111110000000000000
00000000000010111010000000000000
00000000000010111010000000000000
00000000000010111010000000000000
00000000000010111010000000000000
00000000000000111010000000000000
00000000000000111010000000000000
00000000000000111010000000000000
00000000000000111010000000000000
00000000000000111110000000000000
00000000000000110100000000000000
00000000000000111100000000000000
00000000000000110100000000000000
00000000000000110100000000000000
00000000000001110100000000000000
00000000000101110100000000000000
00000000000101110100000000000000
00000000000101110100000000000000
00000000000101110100000000000000
00000000000101110100000000000000
00000000000101110100000000000000
00000000001111110100000000000000
00000000001011110100000000000000
00000000001011110100000000000000
00000000000101101000000000000000
00000000000101101000000000000000
00000000000000101000000000000000
00000000000001000000000000000000
00000000000000100000000000000000
00000000000000000000000000000000
00000000000000000000000000000000
