00000000000000000000000000000000
00000000000001000000000000000000
00000000000000000000000000000000
00000000001011010000000000000000
00000000000011010000000000000000
00000000000111111000000000000000
00000000001011111010000000000000
00000000001011100000000000000000
00000000001011111000000000000000
00000000001011101000000000000000
00000000001011101000000000000000
00000000000001111100000000000000
00000000000011101000000000000000
00000000000101111100000000000000
00000000000101110100000000000000
00000000000101110100000000000000
00000000000111111100000000000000
00000000000010110100000000000000
00000000000011111110000000000000
00000000000010111010000000000000
00000000000010111111000000000000
00000000000010111101000000000000
00000000000000010000000000000000
00000000000000101100000000000000
00000000000000010000000000000000
00000000000000000000000000000000
00000000000000000000000000000000
00000000000000000000000000000000
00000000000000000000000000000000
00000000000000000000000000000000
00000000000000000000000000000000
00000000000000000000000000000000
