00000000101111100000000000000000
00000000101111010000000000000000
00000000101111010000000000000000
00000000101111010000000000000000
00000000111111111000000000000000
00000000010111101000000000000000
00000000011111101000000000000000
00000000010111101000000000000000
00000000010111101000000000000000
00000000010111101000000000000000
00000000010111101000000000000000
00000000010111101000000000000000
00000000010111101000000000000000
00000000010111111000000000000000
00000000010111110000000000000000
00000000010111101000000000000000
00000000010111101000000000000000
00000000010111101000000000000000
00000000010111101000000000000000
00000000010111101000000000000000
00000000010111101000000000000000
00000000010111101000000000000000
00000000010111101000000000000000
00000000001111110000000000000000
00000000001011010000000000000000
00000000000000000000000000000000
00000000000011000000000000000000
00000000000000000000000000000000
00000000000000000000000000000000
00000000000000000000000000000000
00000000000000000000000000000000
00000000000000000000000000000000
