00000000000000000000000000000000
00000000000000000000000000000000
00000000000000000000000000000000
00000000000000000000000000000000
00000000000000010000000000000000
00000000000000000000000000000000
00000000000000010000000000000000
00000000000010111010000000000000
00000000000010111010000000000000
00000000000010111010000000000000
00000000000010111010000000000000
00000000000010111010000000000000
00000000000000011010000000000000
00000000000000011010000000000000
00000000000000011010000000000000
00000000000000111010000000000000
00000000000000011010000000000000
00000000000010111010000000000000
00000000000010111010000000000000
00000000000010111010000000000000
00000000000010111110000000000000
00000000000010110100000000000000
00000000000010111100000000000000
00000000000010110100000000000000
00000000000010111010000000000000
00000000000010111010000000000000
00000000000000000000000000000000
00000000000000111000000000000000
00000000000000000000000000000000
00000000000000000000000000000000
00000000000000000000000000000000
00000000000000000000000000000000
