00000000000000110000000000000000
00000000000001000000000000000000
00000000000010110100000000000000
00000000000111110100000000000000
00000000000101110100000000000000
00000000000101110100000000000000
00000000000101110100000000000000
00000000000101110100000000000000
00000000000101110100000000000000
00000000000111110100000000000000
00000000001011110100000000000000
00000000001011110100000000000000
00000000001011101000000000000000
00000000001111111000000000000000
00000000001011111000000000000000
00000000011111010000000000000000
00000000011111110000000000000000
00000000010111010000000000000000
00000000111111110000000000000000
00000000101110100000000000000000
00000000101111100000000000000000
00000000101110100000000000000000
00000000101111100000000000000000
00000000101101000000000000000000
00000000000010000000000000000000
00000000001100000000000000000000
00000000000000000000000000000000
00000000000000000000000000000000
00000000000000000000000000000000
00000000000000000000000000000000
00000000000000000000000000000000
00000000000000000000000000000000
