00000000000000000000000001011111
00000000000000000000000011111010
00000000000000000000000010110100
00000000000000000000000101111100
00000000000000000000001111101000
00000000000000000000001011010000
00000000000000000000010111110000
00000000000000000000111110100000
00000000000000000000101101100000
00000000000000000001011101000000
00000000000000000011111010000000
00000000000000000010111110000000
00000000000000000111110100000000
00000000000000000101101000000000
00000000000000001111111000000000
00000000000000001011010000000000
00000000000000011111110000000000
00000000000000010110100000000000
00000000000000101111100000000000
00000000000001111101000000000000
00000000000001011010000000000000
00000000000011111010000000000000
00000000000010110100000000000000
00000000000111110100000000000000
00000000000101101000000000000000
00000000001011111000000000000000
00000000011111010000000000000000
00000000010110100000000000000000
00000000101111100000000000000000
00000001111101000010000000000000
00000001111010000000000000000000
00000010110100000110000000000000
