00000000000000100000000000000000
00000000001011000000000000000000
00000000001011101000000000000000
00000000001011101000000000000000
00000000001011101000000000000000
00000000001011101000000000000000
00000000001011101000000000000000
00000000001011101000000000000000
00000000001011101000000000000000
00000000001011101000000000000000
00000000001011101000000000000000
00000000001011101000000000000000
00000000001011101000000000000000
00000000001011101000000000000000
00000000001011101000000000000000
00000000001011101000000000000000
00000000001111101000000000000000
00000000001011001000000000000000
00000000011111101000000000000000
00000000010111101000000000000000
00000000010111101000000000000000
00000000010111101000000000000000
00000000010111111000000000000000
00000000010111010000000000000000
00000000011111010000000000000000
00000000000011000000000000000000
00000000000100000000000000000000
00000000000010000000000000000000
00000000000000000000000000000000
00000000000000000000000000000000
00000000000000000000000000000000
00000000000000000000000000000000
