00000000001011101000000000000000
00000000001011101000000000000000
00000000001011101000000000000000
00000000001011101000000000000000
00000000001011101000000000000000
00000000001011101000000000000000
00000000001011101000000000000000
00000000001011101000000000000000
00000000001011101000000000000000
00000000001111101000000000000000
00000000000011111000000000000000
00000000000011010000000000000000
00000000000011110000000000000000
00000000000011010000000000000000
00000000000011010000000000000000
00000000000011010000000000000000
00000000000011010000000000000000
00000000000011010000000000000000
00000000000011010000000000000000
00000000000011010000000000000000
00000000000011010000000000000000
00000000000011010000000000000000
00000000000011010000000000000000
00000000000011010000000000000000
00000000000011010000000000000000
00000000000011010000000000000000
00000000000011010000000000000000
00000000000011010000000000000000
00000000000000000000000000000000
00000000000011000000000000000000
00000000000000000000000000000000
00000000000000000000000000000000
