00000000001010000000000000000000
00000000001011110000000000000000
00000000000011010000000000000000
00000000000111111000000000000000
00000000001111101000000000000000
00000000001011101000000000000000
00000000001011101000000000000000
00000000001011101000000000000000
00000000001011101000000000000000
00000000001011101000000000000000
00000000001011101000000000000000
00000000001011101000000000000000
00000000001011101000000000000000
00000000001011101000000000000000
00000000001011101000000000000000
00000000001011101000000000000000
00000000001011101000000000000000
00000000001011101000000000000000
00000000001011101000000000000000
00000000001011101000000000000000
00000000001011101000000000000000
00000000001011101000000000000000
00000000001011101000000000000000
00000000001011101000000000000000
00000000001011101000000000000000
00000000001011101000000000000000
00000000001011101000000000000000
00000000000000000000000000000000
00000000000000000000000000000000
00000000000000000000000000000000
00000000000000000000000000000000
00000000000000000000000000000000
