00000000000000000010111100000000
00000000000000000011110100000000
00000000000000000010110100000000
00000000000000000101110100000000
00000000000000000111101000000000
00000000000110011101111000000000
00000000000000001011101000000000
00000000000000001111101000000000
00000000000000001011101000000000
00000000000000010111010000000000
00000000000000011111010000000000
00000000000000010111010000000000
00000000000000101110100000000000
00000000000000101110100000000000
00000000000000111111000000000000
00000000000001111101000000000000
00000000000001011111000000000000
00000000000010111010000000000000
00000000000111111110000000000000
00000000000101110100000000000000
00000000001011101000000000000000
00000000011111111000000000000000
00000000110111010000000000000000
00000000101110100000000000000000
00000001011101000000000000000000
00000010111010000000000000000000
00000111110110000000000000000000
00000101110100000000000000000000
00001111111100000000000000000000
00011011101000000000000000000000
00000111111000000000000000000000
01111111010000000000000000000000
