00000000000011111110000000000000
00000001111111111010000000000000
00000000111110011101000000000000
00000000000001111101000000000000
00000000011110111110100000000000
00000000000000101110100000000000
00000000000000101110100000000000
00000000000000101110100000000000
00000000000000101110100000000000
00000000000000101110100000000000
00000000000000101110100000000000
00000000000000101110100000000000
00000000000000101110100000000000
00000000000001011110100000000000
00000000000001011101000000000000
00000000000001011101000000000000
00000000000001011101000000000000
00000000000001011101000000000000
00000000000001011101000000000000
00000000000001011101000001000000
00000000000001011101000000000000
00000000000001011101000000000000
00000000000001011101000000000000
00000000000001011101000000000000
00000000000001011101000000000000
00000000000001011101000000000000
00000000000001011101000000000000
00000000000001011101000000000000
00000000000001011111111111100000
00000001111111011100000000000000
00000000000000111111111111101000
00000111111111111111111111111000
