00000000000011111100000000000000
00000000011111111100000000000000
00000000011111111100000000000000
00000000011111111100000000000000
00000000011111111100000000000000
00000000111111111100000000000000
00000001011111111100000000000000
00000000111111111100000000000000
00000001111111111100000000000000
00000011111111111100000000000000
00000001111111111100000000000000
00000011111111111100000000000000
00000011111111111100000000000000
00000001111111111000000000000000
00000111111111111100000000000000
00000111111111111000000000000000
00000001111111111000000000000000
00000111111111111000000000000000
00000011111111111000000000000000
00000011111111111000000000000000
00000011111111111000000000000000
00000011111111111000000000000000
00000011111111111000000000000000
00000011111111111100000000000000
00000011111111111000000000000000
00000011111111111110000000000000
00000001111111111101000000000000
00000011111111111110000000000000
00000000111111111111000000000000
00000001111111111111000000000000
00000000011111111111000000000000
00000000100000000000000000000000
