00000000000111111111111111001000
00000000000010111111111111111100
00000000000111111111111111111110
00000000000111111111111111110100
00000000000000001111111111111110
00000000000111111111111111111110
00000000010111111111111111111110
00000000110001111111111111000000
00000000001111111111111110111000
00000011110111111111111111100000
00000010111111111111111101000000
00011111111111111111111111000000
00001101111111111111111111000000
00011111111111111111110010000000
11110011111111111111101100000000
00111111111111111110010000000000
11111111111111111111100000000000
11111111111111111111000000000000
11111111111111110010000000000000
11111111111111101100000000000000
11111111111111110000000000000000
11111111111111110000000000000000
11111111111110100000000000000000
11111111111110100000000000000000
11111111111111110000000000000000
11111111111111110000000000000000
11111111111100000000000000000000
11111111110111000000000000000000
11111111111010000000000000000000
11111111101100000000000000000000
11111111111100000000000000000000
01111111110000000000000000000000
