01001111111111100100000000000000
11111111111111111110000000000000
10111111111111111010000000000000
11111111111111111010000000000000
11111111111111111010000000000000
11111111111111111010000000000000
01001111111111111010000000000000
11111111111111111010000000000000
11111111111111111111000000000000
10111111111111111111000000000000
10111111111111111111000000000000
10111111111111111101000000000000
11111111111111111111010000000000
01011111111111111110010000000000
01011111111111111111010000000000
11111111111111111101000000000000
10111111111111111101000000000000
11111111111111111111010000000000
01111111111111111110010000000000
01011111111111111111010000000000
01111111111111111111000000000000
01111111111111111111000000000000
00111111111111111111010000000000
00100111111111111100000000000000
00100111111111111111111000000000
00100111111111111111111000000000
00101111111111111111101000000000
00001011111111111111111100000000
00001111111111111111111100000000
00001111111111111111110100000000
00001111111111111111110100000000
00000000001111111111110100000000
