11111111111011100000000000000000
11111111111100011000000000000000
11111111111111100100000000000000
01111111111111111110000000000000
11011111111111111111000000000000
01111111111111111110010000000000
00000011111111111111110000000000
00001111111111111111111000000000
00000101111111111111101000000000
00000111111111111111111100000000
00000010011111111111110000000000
00000000101111111111111111100000
00000000111111111111111110100000
00000000101111111111111110100000
00000000111111111111111110100000
00000000111111111111111110100000
00000000101111111111111110100000
00000010111111111111111110100000
00000010111111111111111110100000
00000000101111111111111111100000
00000010111111111111111110100000
00000010011111111111111111110000
00000010111111111111111111010000
00000010111111111111111111010000
00000010011111111111111111010000
00000010011111111111111111010000
00000010111111111111111111110000
00000010111111111111111110100000
00000010111111111111111111100000
00000010011111111111111001000000
00000111111111111111111100000000
00000101111111111111111000000000
