00000000000011101000000000000000
00000000001011110100000000000000
00000000001011110100000000000000
00000000001011101000000000000000
00000000001011101000000000000000
00000000011011101000000000000000
00000000011111101000000000000000
00000000010111101000000000000000
00000000010111111000000000000000
00000000010111010000000000000000
00000000010111010000000000000000
10000000101111010000000000000000
00000000101111010000000000000000
00000000101110100000000000000000
00000000101110100000000000000000
00000000111110100000000000000000
00000000101110100000000000000000
00111111111110100001000000000000
00111011011110100000000000000000
00000001011110100000000000000000
10000001011110100000000000000000
00000001011110100000000000000000
00000011011110100000000000000000
00000111011110100000000000000000
00000111011110100000000000000000
10011111111110100000000000000000
01001110111110100001000000000000
11111111111110111100100010000000
11111111111111111110010011000000
11111111111111011111111110001000
11111111111111111111111111111100
11111111111111111111111111110110
