00000000000000111111100110000000
00000100111111111111111000000000
00000100111111111111111111110000
00000111111111111111111111110000
00000011011111111111111100100000
00000100111111111111111111000000
00000101111111111111111011000000
00000111111111111111111011000000
00000100111111111111111011000000
00001111111111111111111011000000
00001111111111111111111111000000
00000111111111111111100100000000
00001011111111111111111100000000
00001111111111111111111100000000
00001011111111111111001000000000
00001111111111111111101000000000
00101111111111111111001000000000
00001011111111111111100000000000
00001111111111111110100000000000
00001111111111111111100000000000
00001011111111111111101000000000
00101111111111111111100000000000
00101111111111111111001000000000
00101111111111111111001000000000
00100111111111111111001000000000
01111111111111111111101000000000
01011111111111111111100000000000
01111111111111111111001000000000
11111111111111111111101000000000
00001111111111111111001000000000
00001011111111111111111100000000
00001111111111111111111100000000
