11111111111110110000000000000000
11111111111111101000000000000000
11111111111111111110000000000000
11111111111111110001000000000000
00111111111111111110100000000000
11101111111111111111111000000000
00110011111111111111100100000000
00001111111111111111111110000000
00000011011111111111111111000000
00000011111111111111111011000000
00000011111111111111111111100000
00000011111111111111111100100000
00000001111111111111111100100000
00000011011111111111111100100000
00000011111111111111111100100000
00000101111111111111111100100000
00000001111111111111111100100000
00000001111111111111111100100000
00000011111111111111111100100000
00000001111111111111111100100000
00000011011111111111111100100000
00000111111111111111111110100000
00000100111111111111111111100000
00000100111111111111111100100000
00000100111111111111111110100000
00000100111111111111111011000000
00000100111111111111111110100000
00000100111111111111111110100000
00000100111111111111111011000000
00000100111111111111111110100000
00000100111111111111111111100000
00000101111111111111111011000000
