00000000011111111001000000000000
00000111111111111111100000000000
00010011111111111110100000000000
00111111111111111101000000000000
00101111111111111001000000000000
00100111111111111111100000000000
01111111111111111110100000000000
01011111111111111110100000000000
01111111111111111110100000000000
00000011111111111100100000000000
00111111111111111111110000000000
00111111111111111111110000000000
00111111111111111110100000000000
00100111111111111110100000000000
01111111111111111111100000000000
01111111111111111111100000000000
01111111111111111001000000000000
01111111111111111101000000000000
11111111111111111101000000000000
11111111111111111001000000000000
00101111111111111101000000000000
00111111111111111001000000000000
00101111111111111101000000000000
00101111111111111110100000000000
00111111111111111110100000000000
00101111111111111100100000000000
00111111111111111111110000000000
00010011111111111111010000000000
00000111111111111111111100000000
00000000111111111111111000000000
00000001000011111000000000000000
00000000111000000011100000000000
