00001111111111111111110000000000
00011111111111111100100000000000
00010111111111111111000000000000
00010111111111111101000000000000
00010111111111111101000000000000
00010111111111111110000000000000
00111111111111111111000000000000
00011111111111111001000000000000
00001011111111111110100000000000
00001111111111111111000000000000
00001111111111111001000000000000
00000111111111111111000000000000
00000010111111111111110000000000
00000011111111111110100000000000
00000010111111111110100000000000
00000101111111111110100000000000
00000111111111111110100000000000
00000111111111111110100000000000
00000011111111111111010000000000
00011111111111111111111000000000
00000111111111111111101000000000
00000011111111111111111000000000
00000011111111111111111000000000
00000001011111111111101000000000
00000001111111111111111100000000
00000000101111111111110000000000
00000000111111111111111111000000
00000000111111111111111111000000
00000000010011111111111101000000
00000000001111111111111111100000
00000000000100111111111111100000
00000000000011000001111101000000
