00000000000000001011010010000000
00011000001011011111010010000000
00010000000000010110100000000000
00000000000000111110100000000000
00000000000000101101000000000000
00000000000001111101000000000000
00000000000001011010000000000000
00000000000001011010000000000000
00000000000010111010000000000000
00000000000010111010000000000000
00000000000010111000000000000000
00000000000010111000000000000000
00000000000010111000000000000000
00000000000010111010000000000000
00000000000010111010000000000000
00000000000001111010000000000000
00000000000001011010000000000000
00000000000001011111000000000000
00000000000001011101000000000000
00000000000000101101000000000000
00000000000000111111100000000000
00000000000000101111100000000000
00000000000000010110100000000000
00000000000000010111010000000000
00000000000000011111110000000000
00000000000000001011010000000000
00000000000000001011101000000000
00000000000000001011101000000000
00000000000000001011101000000000
00000000000000001011101000000000
00000000000000000101101000000000
00000000000000001011101000000000
