00000000000000001100000000000000
00000000000000000000000000000000
00000000000001011101000000000000
00000000000001011101000000000000
00000000000001011101000000000000
00000000000001111101000000000000
00000000000001011101000000000000
00000000000011111101000000000000
00000000000010111101000000000000
00000000000010111101000000000000
00000000000010111101000000000000
00000000000010111101000000000000
00000000000010111101000000000000
00000000000010111101000000000000
00000000000010111111000000000000
00000000000010111010000000000000
00000000000011111010000000000000
00000000000010111010000000000000
00000000001011111010000000000000
00000000001001111010000000000000
00000000001001111010000000000000
00000000001001111110000000000000
00000000001001110010000000000000
00000000001001111111000000000000
00000000001001111101000000000000
00000000001001111101000000000000
00000000001001111101000000000000
00000000001001111101000000000000
00000000001001111101000000000000
00000000000000000000000000000000
00000000000001111100000000000000
00000000000000000000000000000000
