00000000000000110000000000000000
00000000000011000000000000000000
00000000000100111011000000000000
00000000010111111011000000000000
00000000010011111011000000000000
00000000010011111011000000000000
00000000010011111011000000000000
00000000010011111011000000000000
00000000010011111011000000000000
00000000010011111011000000000000
00000000010011111011000000000000
00000000010011111011000000000000
00000000010011111011000000000000
00000000010011111011000000000000
00000000010011111011000000000000
00000000010011111011000000000000
00000000010011111011000000000000
00000000010011111011000000000000
00000000010011111011000000000000
00000000010011111011000000000000
00000000010011111011000000000000
00000000010111111011000000000000
00000000010011111011000000000000
00000001111111111011000000000000
00000001101111111011000000000000
00000001101111111011000000000000
00000001101111111111000000000000
00000001101111100100000000000000
00000001101111111100000000000000
00000000000000000000000000000000
00000000000111100000000000000000
00000000000000000000000000000000
