00000000000000000000000000000000
00000000000000110000000000000000
00000000000000001000000000000000
00000000000010110000000000000000
00000000000010111010000000000000
00000000000010111010000000000000
00000000000011111010000000000000
00000000000011111010000000000000
00000000000010111010000000000000
00000000000010111010000000000000
00000000000010111010000000000000
00000000000010111010000000000000
00000000000010111010000000000000
00000000000010111010000000000000
00000000000010110000000000000000
00000000000010111000000000000000
00000000000010111000000000000000
00000000000010111000000000000000
00000000000010111000000000000000
00000000000010111000000000000000
00000000000010111000000000000000
00000000000010111000000000000000
00000000000010111000000000000000
00000000000010110000000000000000
00000000000010111000000000000000
00000000000010111010000000000000
00000000000010111010000000000000
00000000000010111010000000000000
00000000000001010000000000000000
00000000000000101000000000000000
00000000000000010000000000000000
00000000000000000000000000000000
