00000000000000011100000000000000
00000000000000000000000000000000
00000000000001011101000000000000
00000000000001011101000000000000
00000000000001011101000000000000
00000000000001011101000000000000
00000000000001011101000000000000
00000000000001011101000000000000
00000000000001011101000000000000
00000000000001011101000000000000
00000000000001011101000000000000
00000000000001011101000000000000
00000000000001011101000000000000
00000000000001011101000000000000
00000000000001011101000000000000
00000000000001111101000000000000
00000000000001011101000000000000
00000000000011111101000000000000
00000000000010111101000000000000
00000000000010111111000000000000
00000000000010111010000000000000
00000000000010111110000000000000
00000000000010111010000000000000
00000000000010111010000000000000
00000000000010111010000000000000
00000000000010111010000000000000
00000000000010111110000000000000
00000000000010111010000000000000
00000000000010111010000000000000
00000000000010111111000000000000
00000000000010111111000000000000
00000000000010111010000000000000
