00000000000000000000000000000000
00000000000000000000000000000000
00000000000000000000000000000000
00000000000000000110000000000000
00000000000000000000000000000000
00000000000000010111010000000000
00000000000000011111010000000000
00000000000000010111010000000000
00000000000000111111010000000000
00000000000000101111010000000000
00000000000000101111010000000000
00000000000000101111010000000000
00000000000000101111010000000000
00000000000000101111110000000000
00000000000000111100100000000000
00000000000000101110100000000000
00000000000001111100100000000000
00000000000001011100100000000000
00000000000001011100100000000000
00000000000001011100100000000000
00000000000001011100100000000000
00000000000001011100100000000000
00000000000001111100100000000000
00000000000001011100100000000000
00000000000101111100100000000000
00000000000100111100100000000000
00000000000100111100100000000000
00000000000100111100100000000000
00000000000000000000000000000000
00000000000000111100000000000000
00000000000000000000000000000000
00000000000000000000000000000000
