00000000000000000011100000000000
00000000000000000000000000000000
00000000000000000011101000000000
00000000000000001011101000000000
00000000000000001011101000000000
00000000000000001011101000000000
00000000000000001011101000000000
00000000000000001011101000000000
00000000000000001011101000000000
00000000000000001011101000000000
00000000000000001111101000000000
00000000000000001011101000000000
00000000000000101111111000000000
00000000000000100111010000000000
00000000000000100111110000000000
00000000000000100111010000000000
00000000000000100111010000000000
00000000000000100111010000000000
00000000000000101111010000000000
00000000000000100111110000000000
00000000000001111111010000000000
00000000000001011111111000000000
00000000000001011111101000000000
00000000000001011111111000000000
00000000000001011111010000000000
00000000000001011111110000000000
00000000000001011111010000000000
00000000000001111111010000000000
00000000000000000111010000000000
00000000000000001000000000000000
00000000000000000111000000000000
00000000000000000000000000000000
