00000000000000000000000000000000
00000000000000111000000000000000
00000000000000001100000000000000
00000000000010110010000000000000
00000000000010111111000000000000
00000000000010111101000000000000
00000000000010111101000000000000
00000000000010111101000000000000
00000000000010111101000000000000
00000000000010111101000000000000
00000000000010111101000000000000
00000000000010111101000000000000
00000000000010111101000000000000
00000000000010111101000000000000
00000000000010111101000000000000
00000000000010111101000000000000
00000000000010111111000000000000
00000000000010111101000000000000
00000000000010111111100000000000
00000000000010111110100000000000
00000000000010111110100000000000
00000000000010111110100000000000
00000000000010111110100000000000
00000000000010111110100000000000
00000000000010111110100000000000
00000000000010111110100000000000
00000000000011111110100000000000
00000000000001001110100000000000
00000000000000110000000000000000
00000000000000011110000000000000
00000000000000000000000000000000
00000000000000000000000000000000
