00000000000001101110100000000000
00000000000010111111100000000000
00000000000010011110100000000000
00000000000010011111101000000000
00000000000010011111001000000000
00000000000001111111001000000000
00000000000001101111001000000000
00000000000001111111001000000000
00000000000001101111001000000000
00000000000011111111001000000000
00000000000010011111001000000000
00000000000010011111001000000000
00000000000010011111001000000000
00000000000010011111101000000000
00000000000010011110100000000000
00000000000010011111100000000000
00000000000010011110100000000000
00000000000010011110100000000000
00000000000010011110100000000000
00000000000010011110100000000000
00000000000010011110100000000000
00000000000010011110100000000000
00000000000011111110100000000000
00000000000010011110100000000000
00000000000111111110100000000000
00000000000101111110100000000000
00000000000101111110100000000000
00000000000111111111100000000000
00000000000010011001000000000000
00000000000001100110000000000000
00000000000000011000000000000000
00000000000000000000000000000000
