00001110000000000000000000000000
00110001111111111000110000000000
10111111111111111111110000000000
10111111111111111111110110000000
10111111111111111000110000000000
10001111111111111110110000000000
10001111111111111000110000000000
10001111111111111000110000000000
10001111111111111000110000000000
10001111111111111000110000000000
10001111111111111000110000000000
10001111111111111000110000000000
10001111111111111000110000000000
10001111111111111000110000000000
10001111111111111000110000000000
10111111111111111000110000000000
00110001111111111000110000000000
00111111111111111000110000000000
00110001111111111111110000000000
00110001111111111000110000000000
00110001111111111111110110000000
00110001111111111111000110000000
00110111111111111111110110000000
00001110001111111111000110000000
00001111111111111111111111110000
00001110011111111111111001110000
00000111111111111111111001110000
00000001100011111111111001110000
00000000001100001111111001100000
00000000000011100000000000000000
00000000000000011111110000000000
00000000000000000000000000000000
