00000000000000000001100000000000
00110001111111111110001100000000
00110001111111111111111101100000
00110001111111111111110001100000
00110001111111111111110001100000
00110001111111111111110001100000
00110001111111111111111101100000
00110001111111111110001100000000
00110001111111111111101100000000
00110001111111111110001100000000
00110001111111111110001100000000
00110001111111111110001100000000
00110001111111111110001100000000
00110001111111111110001100000000
00110001111111111110001100000000
00110001111111111110001100000000
00110001111111111110001100000000
00110001111111111111101000000000
00110001111111110001100000000000
00110001111111111111100000000000
00110001111111110001100000000000
00110001111111111111101100000000
00110001111111111110001100000000
00110001111111111110001100000000
00110001111111111110001100000000
00110001111111111110001100000000
00110111111111111111101100000000
00000110001111111111110001100000
00000110111111111111110001100000
00000110111111111111110001100000
00000000000000000000000000000000
00000000000111111111100000000000
