00000000000000000110000000000000
00000000000011110001111100000000
00000000011000001110000011000000
00000011111111111111111111111100
00000111000111111111111100011100
00000111000111111111111100011100
00000111000111111111111100011100
00000111000111111111111100011100
00000111000111111111111100011100
00000111000111111111111100011100
00000111000111111111111100011100
00000111000111111111111100011100
00000111000111111111111111011100
00000111000111111111000011100000
00000111000111111111111111100000
00000111000111111111100011100000
00000111011111111111100011100000
00000111000111111111100011100000
00111111111111111111100011100000
00111000111111111111100011100000
00111000111111111111100011100000
00111000111111111111111011100000
00111000111111111000011100000000
00111000111111111000011100000000
00111000111111111111111111000000
00111000111111111111100011100000
00111000111111111111100011100000
00111011111111111111111011100000
00000011000011111000011000000000
00000000011100000111000000000000
00000000000011111000000000000000
00000000000000000000000000000000
