00000000000000000000000000000000
00000000000000000000111100000000
00000000000000001111000011100000
00000000000000110000111100001100
00000000000110101111111111111101
00000000110001111111111111111101
00000000110111111111111100001100
00000110111111111111000001100000
00000110001111111110011100000000
00110111111111111111101100000000
00110001111111110001100000000000
00110001111111111111100000000000
00110001111111110001100000000000
00110001111111110001100000000000
10011111111111111111000000000000
10001111111110001110000000000000
10001111111111101110000000000000
10001111111110001110000000000000
10001111111110001110000000000000
10001111111110001110000000000000
10001111111111111110000000000000
10001111111110001110000000000000
10001111111111111101100000000000
10111111111111110001100000000000
00110001111111111101100000000000
00110111111111110001100000000000
00000110001111111111101100000000
00000110111111111110001100000000
00000110001111111110001100000000
00000000000000000000000000000000
00000000000111111100000000000000
00000000000000000000000000000000
