00011111100000011110000000000000
00000000001111100000110000000000
00111111111111111111111111000000
00111111111111111111000111000000
00111111111111111111000111000000
00111111111111111111000111000000
00111111111111111111000111000000
00111111111111111111000111000000
00111111111111111111111111000000
00111111111111110000111000000000
00111111111111111111000111000000
00111111111111111111000111000000
00111111111111111111000111000000
11111111111111111111000111000000
11000011111111111111000111000000
11111111111111111111000111000000
11000111111111111111000111000000
11000111111111111111000111000000
11000111111111111111000111000000
11000111111111111111000111000000
11000111111111111110111010000000
11000111111111111110111000000000
11000111111111111111000111000000
11000111111111111111000111000000
11000111111111111111000111000000
11000111111111111111111111000000
11000111111111111110000111000000
11000111111111111111111111011100
11000111111111111111111000011100
11000111111111111111111111011000
11111111111111111100000111000000
00011000001111100001110000000000
