00000000000000000000000000000000
00000000000000011111000000000000
00000000000001100000000000000000
00000000001100011111110110000000
00000001101111111111000110000000
00000001100011111111111111100000
00000001100011111111111001110000
00000001100011111111111001110000
00000001100011111111111001110000
00000001100011111111111001110000
00000001100011111111111111110000
00000001100011111111000110000000
00000001100011111111110110000000
00000001100011111111000110000000
00000001100011111111000110000000
00000001101111111111000110000000
00000001100011111111000110000000
00001111111111111111000110000000
00001110011111111111000110000000
00001110011111111111000110000000
00001110011111111111000110000000
00001110011111111111000110000000
00001110011111111111000110000000
00001110011111111000110000000000
00001110011111111111110110000000
00001110011111111111000110000000
00001110011111111111000110000000
00000101111111111111000110000000
00000000000000000000000000000000
00000000000111111110000000000000
00000000000000000000000000000000
00000000000000000000000000000000
