00000000000000011111110000000000
00000000000001100000000000000000
00000000000110011111111101000000
00000000001001111111111011000000
00000000111111111111111111000000
00000000101111111111100100000000
00000000100111111110011000000000
00000011011111111111111000000000
00000111111111111110011000000000
00001100111111111111100000000000
00001100111111111101100000000000
00001100111111111101100000000000
00001100111111111111100000000000
00001100111111111110000000000000
00001100111111110010000000000000
00001111111111110010000000000000
00011111111111111010000000000000
00001100111111001000000000000000
00001111111111111000000000000000
00001100111111001000000000000000
00001100111111001000000000000000
00001100111111001000000000000000
00001100111111111000000000000000
00001100111111111010000000000000
00001100111111110010000000000000
00000111111111110010000000000000
00000011011111111010000000000000
00000000100111110010000000000000
00000000111111111111100000000000
00000000011001111101100000000000
00000000000111111101100000000000
00000000000000000000000000000000
