00000000000000000011100011000000
00000000000000001100011100100000
00000000000000010011111111101000
00000000000001011111111111101000
00000000000001001111111100110000
00000000000111111111111111000000
00000000000110111111110100000000
00000000001111111111100100000000
00000000011001111110011000000000
00000000011111111111111000000000
00000000011001111111100000000000
00000000111111111101100000000000
00000000100111111101100000000000
00000000100111111101100000000000
00000000101111111111100000000000
00000000100111110010000000000000
00000011111111111010000000000000
00000011011111110010000000000000
00000011011111110010000000000000
00000011111111110010000000000000
00000000100111111010000000000000
00000000101111110010000000000000
00000000100111111111100000000000
00000000100111111101100000000000
00000000101111111111100000000000
00000000011001111001100000000000
00000000011111111111111000000000
00000000001111111110011000000000
00000000000110111111110100000000
00000000000001001111111100000000
00000000000000010000000000000000
00000000000000001111100000000000
