00000000001111111110000000000000
00000000111000000000000000000000
00000110000111111110001100000000
00110111111111111110001100000000
00110001111111111110001100000000
00110001111111111111101100000000
00110001111111110001100000000000
00110111111111111111100000000000
00110001111111110001100000000000
10111111111111110001100000000000
10001111111111110001100000000000
10001111111111110001100000000000
10001111111111110001100000000000
10001111111111110001100000000000
10001111111111110001100000000000
10111111111111110001100000000000
00110000111111110001100000000000
00110111111111110001100000000000
10001111111111110001100000000000
10111111111111110001100000000000
00110000111111110001100000000000
00110111111111110001100000000000
00110001111111110001100000000000
00110001111111110001100000000000
00110001111111110001100000000000
00110001111111110001100000000000
00110111111111110001100000000000
00000110001111110001100000000000
00000110111111110001100000000000
00000000000000000000000000000000
00000000001111110000000000000000
00000000000000000000000000000000
