00000000000000000000000000000000
00000000000000000000000000000000
00000000000000000111000000000000
00000000000000001000010000000000
00000000000000000111001000000000
00000000000000011111111100000000
00000000000000011111110100000000
00000000000000011111110100000000
00000000000000011111110100000000
00000000000000011111110100000000
00000000000000011111110100000000
00000000000000001111110100000000
00000000000000001111110100000000
00000000000000000111110100000000
00000000000000011111110100000000
00000000000000011111110100000000
00000000000000011111110100000000
00000000000000011111110100000000
00000000000000011111111100000000
00000000000000011111101000000000
00000000000000001111111100000000
00000000000000011111100000000000
00000000000001011111101101000000
00000000000000011111101101000000
00000000000001011111101000000000
00000000000001011111111100000000
00000000000001011111100000000000
00000000000001011111111010000000
00000000000001011111111010000000
00000000000000001110000000000000
00000000000000010001011000000000
00000000000000001110000000000000
