00000000000000000111000000000000
00000000000001111000100000000000
00000000001110000111000000000000
00000000010001111111101000000000
00000000101111111111110100000000
00000001111111111111110100000000
00000001111111111111100000000000
00000000001111101111110000000000
00000000010000011111110000000000
00000000001111101111110000000000
00000000000000101111110000000000
00000000000000101111110000000000
00000000000000101111110000000000
00000000000000101111110000000000
00000000000000101111110000000000
00000000000000101111110000000000
00000000000000011111110100000000
00000000000000010111110100000000
00000000000000010111110100000000
00000000000000010111110100000000
00000000000000011111110100000000
00000000000000010111110100000000
00000000000111111111111111000000
00000000000000001111110000100000
00000000001111111111111111001000
00000000001111111111111111100000
00000000001111111111111111100000
00000000001111111111111111010000
00000000001011111111000000100000
00000000000100000000111111000000
00000000000011111111000000000000
00000000000000000000000000000000
