00000000000001011100000000000000
00000000000101111111010000000000
00000000000100111111010000000000
00000000000100111111110000000000
00000000000100111110010000000000
00000000000100111111111000000000
00000000000100111111101000000000
00000000000100111111101000000000
00000000000100111111101000000000
00000000000100111111101000000000
00000000000100111111101000000000
00000000000100111111101000000000
00000000000100111111101000000000
00000000000100111111101000000000
00000000000100111111101000000000
00000000000100111111101000000000
00000000000001111111101000000000
00000000000001011111101000000000
00000000000001011111101000000000
00000000000001011111111000000000
00000000000001011111101000000000
00000000000001011111111100000000
00000000000001011111111100000000
00000000000001011111101000000000
00000000000001111111111000000000
00000000000100111111101000000000
00000000000100111111101000000000
00000000000101111111101000000000
00000000000001011111111000000000
00000000000001111110010000000000
00000000000001011111110000000000
00000000000001011111010000000000
