00000000000000000000000000000000
00000000001111111110000000000000
00000000000000000000100000000000
00000000011111111110010000000000
00000000111111111111111000000000
00000001111111111111101000000000
00000000101111111111111000000000
00000000010111111111010000000000
00000000001001111111110000000000
00000000000101111111010000000000
00000000000111111111010000000000
00000000000101111111010000000000
00000000000101111111010000000000
00000000000101111111010000000000
00000000000101111111110000000000
00000000000101111110100000000000
00000000000111111111110000000000
00000000000010111111010000000000
00000000000011111111010000000000
00000000000010111111010000000000
00000000000010111111010000000000
00000000000010111111110000000000
00000000000010111111010000000000
00000000000010111111110000000000
00000000000010111111101000000000
00000000000010111111101000000000
00000000000010111111101000000000
00000000000011111111111000000000
00000000000001111111010000000000
00000000000000000000100000000000
00000000000000011111000000000000
00000000000000000000000000000000
