00000000000000000000000000000000
00000000000000000000000000000000
00000000000000000000000000000000
00000000000010001000000000000000
00000000000101110100000000000000
00000000001111111010000000000000
00000000001011111101000000000000
00000000001111111111100000000000
00000000000101111110100000000000
00000000000010111110100000000000
00000000000011111110100000000000
00000000000010111110100000000000
00000000000010111111100000000000
00000000000010111111100000000000
00000000000010111110100000000000
00000000000010111111110000000000
00000000000001011111010000000000
00000000000000101111010000000000
00000000000000011111010000000000
00000000000000011111010000000000
00000000000000011111110000000000
00000000000000011111010000000000
00000000000000011111110000000000
00000000000000001111101000000000
00000000000000001111101000000000
00000000000000000111101000000000
00000000000000011111111000000000
00000000000000011111010000000000
00000000000000011110100000000000
00000000000000000001000000000000
00000000000000001110000000000000
00000000000000000000000000000000
