00000000000011001110000000000000
00000000000000110000000000000000
00000000000011111110000000000000
00000000000011111110000000000000
00000000000011111110000000000000
00000000000001111110000000000000
00000000000010111110000000000000
00000000000001011110000000000000
00000000000000111110000000000000
00000000000000011110000000000000
00000000000000011110000000000000
00000000000000011110000000000000
00000000000000011110000000000000
00000000000000011111000000000000
00000000000000011110000000000000
00000000000000011111000000000000
00000000000000011111000000000000
00000000000000001111000000000000
00000000000000011111000000000000
00000000000000001111000000000000
00000000000000001111000000000000
00000000000000001111000000000000
00000000000000001111000000000000
00000000000000001111000000000000
00000000000000001111000000000000
00000000000000001111000000000000
00000000000000001111000000000000
00000000000000001111000000000000
00000000000000001111000000000000
00000000000000001111000000000000
00000000000000000000000000000000
00000000000000001111000000000000
