00000000000000000000000000000000
00000000000000000000000000000000
00000000000000111100000000000000
00000000000000000000000000000000
00000000000011111101000000000000
00000000000010111101000000000000
00000000000010111101000000000000
00000000000010111101000000000000
00000000000010111101000000000000
00000000000010111101000000000000
00000000000010111101000000000000
00000000000010111101000000000000
00000000000010111101000000000000
00000000000010111101000000000000
00000000000011111101000000000000
00000000000010111111000000000000
00000000000111111010000000000000
00000000000101111111000000000000
00000000000101111101000000000000
00000000000111111111000000000000
00000000000010111101000000000000
00000000000011111111100000000000
00000000000010111110100000000000
00000000000010111111111010000000
00000000000010111111111010000000
00000000000010111111111110000000
00000000000010111111110100000000
00000000000011111111001000000000
00000000000001011100110000000000
00000000000000100011000000000000
00000000000000011100000000000000
00000000000000000000000000000000
