00000000000000000000000000000000
00000000000000000000000000000000
00000000000111000000000000000000
00000000011000111111000000000000
00000000100111000000100000000000
00000010011111111111010000000000
00000111111111111111111000000000
00000101111111111111111000000000
00000010011111111111010000000000
00000000111111111111110000000000
00000000000111111110100000000000
00000000011011111110100000000000
00000000001111111110100000000000
00000000001011111110100000000000
00000000001011111110100000000000
00000000001111111110100000000000
00000000000101111111100000000000
00000000000111111110100000000000
00000000000101111111110000000000
00000000000101111111010000000000
00000000000101111111010000000000
00000000000101111111010000000000
00000000000111111111111100000000
00000000111101111111000011000000
00000011000011111111111100100000
00000100111111111111111111110000
00001111111111111111111111010000
00001111111111111111111111110000
00000100111111111111111000000000
00000001000001111100000110000000
00000000111110000011111000000000
00000000000001111100000000000000
