00000001111110000000000000000000
00000110000000000000000000000000
00000001111110010000000000000000
00110111111110010000000000000000
00101111111110010000000000000000
00101111111111110000000000000000
00010011111110010000000000000000
00010111111110010000000000000000
00010111111110010000000000000000
00000101111110010000000000000000
00000111111110010000000000000000
00000101111110010000000000000000
00000101111111010000000000000000
00000101111110010000000000000000
00000101111111111000000000000000
00000101111111101000000000000000
00000101111111101000000000000000
00000111111111101000000000000000
00000010111111101000000000000000
00000010111111101000000000000000
00000010111111111000000000000000
00000010111111101000000000000000
00000010111111111100000000000000
00000010111111110100000000000000
00000010111111111111100000000000
00000010111111110000000000000000
00000010111111111111101100000000
00000011111111111111111100000000
00000001001111111111010000000000
00000000110000000001100000000000
00000000001111111111000000000000
00000000000000000000000000000000
