00000000000001000000100000000000
00000000000010111111000000000000
00000000000001111111110000000000
00000000001111111111110100000000
00000000100111111111110100000000
00000001011111111111110000000000
00000001011111111111000000000000
00000001011111111111100000000000
00000001011111011111000000000000
00000000000001111111000000000000
00000000001111011111000000000000
00000000000001011111000000000000
00000000000001011111000000000000
00000000000001011111000000000000
00000000000001011111000000000000
00000000000001011111000000000000
00000000000001011111000000000000
00000000000001011111000000000000
00000000000001011111000000000000
00000000000001011111000000000000
00000000000001011111000000000000
00000000000001011111000000000000
00000000000001111111000000000000
00000000000001011111000000000000
00000000000011111111000000000000
00000000000010111111100000000000
00000000000010111110100000000000
00000000000010111111100000000000
00000000000010111111000000000000
00000000000000000000000000000000
00000000000000111100000000000000
00000000000000000000000000000000
