00000000000000000000001011111101
00000000000000000000111111111101
00000000000000000000110111111111
00000000000000000000111111111010
00000000000000000001001111111010
00000000000000000011111111110100
00000000000000000010111111111100
00000000000000000010111111111100
00000000000000000111111111001000
00000000000000000101111110110000
00000000000000000111111111110000
00000000000000001111111111000000
00000000000000001011111101000000
00000000000000000111111010000000
00000000000000100111110110000000
00000000000001111111100100000000
00000000000001001111111100000000
00000000000001111111001000000000
00000000000011111111001000000000
00000000000010111111100000000000
00000000000101111110100000000000
00000000000101111110100000000000
00000000010011111111100000000000
00000000111111111101000000000000
00000000100111111010000000000000
00000000100111111010000000000000
00000001111111111110000000000000
00000001011111111010000000000000
00000001011111111010000000000000
00000001011111111010000000000000
00000001011111111010000000000000
00000001011111000000000000000000
