00000000001000010000000000000000
00000000010111101000000000000000
00000000101111111100000000000000
00000001011111110100000000000000
00000001011111111100000000000000
00000001011111110100000000000000
00000000101111111110000000000000
00000000111111111010000000000000
00000000101111111110000000000000
00000000111111110100000000000000
00000000101111111100000000000000
00000001011111110100000000000000
00000011111111110100000000000000
00000011111111110100000000000000
00000001011111110100000000000000
00000000101111110100000000000000
00000000010111110100000000000000
00000000001111110100000000000000
00000000001111110100000000000000
00000000001111110100000000000000
00000000001111110100000000000000
00000000001111110100000000000000
00000000001111110100000000000000
00000000001111110100000000000000
00000000001111110100000000000000
00000000001111110100000000000000
00000000001111111100000000000000
00000000001111111010000000000000
00000000001111111110000000000000
00000000001111110100000000000000
00000000011111101000000000000000
00000000000000010000000000000000
