00000000000000000100000000000000
00000000000000011010000000000000
00000000000000001101000000000000
00000000000000011101000000000000
00000000000001011101000000000000
00000000000001011101000000000000
00000000000001111101000000000000
00000000000001011101000000000000
00000000000011111101000000000000
00000000000010111111000000000000
00000000000010111010000000000000
00000000000010111110000000000000
00000000000010111010000000000000
00000000000011111010000000000000
00000000000010111010000000000000
00000000000111111010000000000000
00000000000101110000000000000000
00000000000101111000000000000000
00000000000101111000000000000000
00000000000101111000000000000000
00000000000101111000000000000000
00000000000111111000000000000000
00000000000101111000000000000000
00000000001111111000000000000000
00000000001011111000000000000000
00000000001011111000000000000000
00000000001111111000000000000000
00000000000101111000000000000000
00000000000011100000000000000000
00000000000000010000000000000000
00000000000001100000000000000000
00000000000000000000000000000000
