00000000000000000000000000000000
00000000001111000000000000000000
00000000000000000000000000000000
00000000101111110000000000000000
00000000101111010000000000000000
00000000101111100100000000000000
00000000111111111110000000000000
00000000010111111010000000000000
00000000011111110010000000000000
00000000001011111110000000000000
00000000000101111101000000000000
00000000000101111111000000000000
00000000000101111101000000000000
00000000000111111111100000000000
00000000000111111110100000000000
00000000000000111110100000000000
00000000010111111110100000000000
00000000010111111110100000000000
00000000011111111110100000000000
00000000001011111110100000000000
00000000000110111110100000000000
00000000000010111110100000000000
00000000000010111111110000000000
00000000000011111111010000000000
00000000000001001111010000000000
00000000000001111111010000000000
00000000000001011111110000000000
00000000000001011110100000000000
00000000000000000001000000000000
00000000000000001110000000000000
00000000000000000000000000000000
00000000000000000000000000000000
