00000000000111111101000000000000
00000000000101111111100000000000
00000000000011111110100000000000
00000000000111111110100000000000
00000000101111111111100000000000
00000000101111111101000000000000
00000000101111111111000000000000
00000000101111111110000000000000
00000000100111111010000000000000
00000001011111111110000000000000
00000001011111110100000000000000
00000001111111111100000000000000
00000001001111110100000000000000
00000011111111110100000000000000
00000010111111111100000000000000
00000010111111101000000000000000
00000010111111111000000000000000
00000011111111101000000000000000
00000101111111101000000000000000
00001111111111101000000000000000
00001011111111111000000000000000
00001011111111010000000000000000
00001111111111110000000000000000
00001011111111010000000000000000
00011111111111010000000000000000
00010111111111010000000000000000
00111111111111010000000000000000
00111111111111010000000000000000
00010111111111010000000000000000
00011111111111010000000000000000
00001011111111110000000000000000
00001111111100100000000000000000
