00000000000000000000000000000000
00000000000011100000000000000000
00000000000110010000000000000000
00000000001001100000000000000000
00000000011111111010000000000000
00000000010111110010000000000000
00000000011111111110000000000000
00000000001011111101000000000000
00000000001111111101000000000000
00000000001011111101000000000000
00000000001011111101000000000000
00000000001011111111000000000000
00000000001111111001000000000000
00000000000101111111100000000000
00000000000111111110100000000000
00000000000101111111110000000000
00000000000010011111010000000000
00000000000011111111010000000000
00000000000010111111010000000000
00000000000010111111010000000000
00000000000010111111010000000000
00000000000010111111010000000000
00000000000010111111110000000000
00000000000011111110100000000000
00000000000010011111100000000000
00000000000101111110100000000000
00000000000101111110100000000000
00000000000101111110100000000000
00000000000101111001000000000000
00000000000101111110000000000000
00000000000000000000000000000000
00000000000000111000000000000000
