00000000000000000000110111110100
00000000000000000001001111110100
00000000000000000010111111110100
00000000000000000101111111110100
00000000000000101011111111110100
00000000000000010111111111110100
00000000000001111111111111110100
00000000000101111111111111111100
00000000000101111111111111101000
00000000000101111111001111111000
00000000000111111110011111111000
00000000000010111111111111010000
00000000000001000011111111110000
00000000000000111111111110100000
00000000000000000101111110100000
00000000000000001111111111100000
00000000000000001011111101000000
00000000000000010111111111000000
00000000000000101111111010000000
00000000000000111111111100000000
00000000000001011111110100000000
00000000000011111111110100000000
00000000000010111111111111111000
00000000000111111111100000000000
00000011111001111111111111111010
00001100000111111111111111111111
00110011111111111111111111111101
01101111111111111111111111111101
00111111111111111111111111100000
11111111111111111110000000011100
11111111111111111001111111100000
11111111111111111111000000000000
