00000000001101000000000000000000
00000000101101000000000000000000
00000000101101000000000000000000
00000000111100000000000000000000
00000000011100000000000000000000
00000000101101000000000000000000
00000000101101000000000000000000
00000000001110000000000000000000
00000000010110000000000000000000
00000000010110000000000000000000
00000000010110000000000000000000
00000000010110000000000000000000
00000000010110100000000000000000
00000000010110100000000000000000
00000000010110100000000000000000
00000000010110100000000000000000
00000000010110100000000000000000
00000000001111000000000000000000
00000000001011010000000000000000
00000000001011010000000000000000
00000000000011010000111111111000
00000000000011101011000000000111
00000000000101110100111111111100
00000000000111101111111111111111
01111110001001111111111111111111
10000000011111111111111111111111
01111111111111111111111111111111
11111111111111111111111111111111
11111111111111111111111111111111
11111111111111111111111111111111
11111111111111111111111111111111
11111111111111111111111111111111
