00000000010010000000000000000000
00000000001100000000000000000000
00000001111110100000000000000000
00000000010110100000000000000000
00000000001110100000000000000000
00000000000110100000000000000000
00000000001111000000000000000000
00000000001011010000000000000000
00000000001011010000000000000000
00000000001011010000000000000000
00000000001011010000000000000000
00000000001011010000000000000000
00000000001011010000000000000000
00000000001011010000000000000000
00000000001011010000000000000000
00000000000011010000000000000000
00000000000001100000000000000000
00000000000101100000000000000000
00000000000101101000000000000000
00000000000101101000000000000000
00000000000101101000000000000000
00000000000101101000000000000000
00000000000101101000000000000000
00000000000001101000000000000000
00000000000001101000000000000000
00000000000001101000000000000000
00000000000001101000000000000000
00000000000101101000000000000000
00000000000101101000000000000000
00000000000111110000000000000000
00000000000011010000000000000000
00000000000000000000000000000000
