00000000000110100000000000000000
00000000011111110000000000000000
00000000001011110000000000000000
00000000000101101000000000000000
00000000000111101000000000000000
00000000000001101000000000000000
00000000000001110000000000000000
00000000000000110000000000000000
00000000000000110000000000000000
00000000000010110000000000000000
00000000000010110000000000000000
00000000000010110100000000000000
00000000000010110100000000000000
00000000000010110100000000000000
00000000000010110100000000000000
00000000000000110100000000000000
00000000000000110100000000000000
00000000000000110100000000000000
00000000000000110100000000000000
00000000000000110100000000000000
00000000000000110100000000000000
00000000000000110100000000000000
00000000000000110100000000000000
00000000000000110100000000000000
00000000000000110100000000000000
00000000000000110100000000000000
00000000000010110100000000000000
00000000000010110100000000000000
00000000000010110100000000000000
00000000000010110000000000000000
00000000000000000000000000000000
00000000000000110000000000000000
