00000000000000000000000000000000
00000000000010111101000000000000
00000000000001111110000000000000
00000000000001011010000000000000
00000000000001011010000000000000
00000000000001011010000000000000
00000000000111011010000000000000
00000000000111011010000000000000
00000000000001011010000000000000
00000000000001011010000000000000
00000000000001011010000000000000
00000000000001011000000000000000
00000000000001011000000000000000
00000000000001011000000000000000
00000000000001011000000000000000
00000000000001011000000000000000
00000000000001011000000000000000
00000000000001011000000000000000
00000000000001011000000000000000
00000000000001011000000000000000
00000000000001011000000000000000
00000000000000011000000000000000
00000000000000011000000000000000
00000000000000011000000000000000
00000000000000011000000000000000
00000000000000111000000000000000
00000000000000111100000000000000
00000000000010110000000000000000
00000000000010111100000000000000
00000000000010111111000000000000
00000000000000000000000000000000
00000000000000011100000000000000
