00000000000000000000000000000000
00000000000110100000000000000000
00000000000111100000000000000000
00000000001011000000000000000000
00000000001011010000000000000000
00000000001011010000000000000000
00000000001011010000000000000000
00000000001011010000000000000000
00000000001011010000000000000000
00000000001011010000000000000000
00000000001011010000000000000000
00000000001011010000000000000000
00000000001011010000000000000000
00000000001011010000000000000000
00000000001011010000000000000000
00000000001011010000000000000000
00000000001011010000000000000000
00000000001011010000000000000000
00000000001011010000000000000000
00000000000011010000000000000000
00000000000011010000000000000000
00000000000011110000000000000000
00000000000101100000000000000000
00000000000101100000000000000000
00000000000101100000000000000000
00000000000101101000000000000000
00000000000101101000000000000000
00000000000101101000000000000000
00000000000101101000000000000000
00000000000101101000000000000000
00000000000101101000000000000000
00000000000001101000000000000000
