00000000000000101101000000000000
00000000000000101101000000000000
00000000000000101101000000000000
00000000000000101101000000000000
00000000000000101101000000000000
00000000000000101101000000000000
00000000000000101101000000000000
00000000000000101101000000000000
00000000000000011100000000000000
00000000000000011010000000000000
00000000000001011010000000000000
00000000000001011010000000000000
00000000000001011010000000000000
00000000000001011010000000000000
00000000000001011010000000000000
00000000000001011010000000000000
00000000000001011010000000000000
00000000000001011010000000000000
00000000000001011010000000000000
00000000000001011010000000000000
00000000000001011010000000000000
00000000000001011010000000000000
00000000000001011010000000000000
00000000000001011000000000000000
00000000000001011000000000000000
00000000000000111100000000000000
00000000000001111000000000000000
00000000000001011000000000000000
00000000000000110100000000000000
00000000000000110100000000000000
00000000000000010000000000000000
00000000000000000000000000000000
