00000000000000000000000000000000
00000000000000000000000000000000
00000000000001111000000000000000
00000000000001111100000000000000
00000000000011001100000000000000
00000000000010001110000000000000
00000000000000000110000000000000
00000000000000000110000000000000
00000000000000000111000000000000
00000000000000000011000000000000
00000000000000000011000000000000
00000000000000000011000000000000
00000000000000000011000000000000
00000000000000000011000000000000
00000000000000000011000000000000
00000000000000000011000000000000
00000000000000000011000000000000
00000000000000000011000000000000
00000000000000000011000000000000
00000000000000000011000000000000
00000000000000000011000000000000
00000000000000000011000000000000
00000000000000000010000000000000
00000000000000000110000000000000
00000000000000000110000000000000
00000000000000001100000000000000
00000000000000001100000000000000
00000000000000011000000000000000
00000000000000010000000000000000
00000000000000000000000000000000
00000000000000000000000000000000
00000000000000000000000000000000
