00000000000010000000000000000000
00000000000000000000000000000000
00000000000110000000000000000000
00000000010110100000000000000000
00000000010110100000000000000000
00000000010110100000000000000000
00000000010110100000000000000000
00000000010110100000000000000000
00000000010110100000000000000000
00000000010110100000000000000000
00000000010110100000000000001000
00000000010110100000000000000101
00000000010110100000000000001010
00000000010110100000000001111101
00000000010110100000000001111111
00000000010110100000000011111111
00000000010110100000001000111111
00000000010110100000110111111111
00000000000111000011001111111111
00000001000111000100111111111111
00000001100111010011111111111111
11100110001111101111111111111111
00010001010011011111111111111111
11111110011111111111111111111111
11111111111111111111111111111111
11111111111111111111111111111111
11111111111111111111111111111111
11111111111111111111111111111111
11111111111111111111111111111111
11111111111111111111111111111111
11111111111111111111111111111111
11111111111111111111111111111111
