00000000000000000000111111111000
00000000011111100001100011111100
00000000010110100001000001011110
00000000001011000000000011000000
00000000001011010000000000001000
00000000001011010000000000000000
00000000001011010000000000000000
00000000001011010000000000000000
00000000001011010000000000000000
00000000001011010000000000000000
00000000001011010000000000000000
00000000000011010000000000000000
00000000000101101000000000000000
00000000000101101000000000000000
00000000000101101000000000000000
00000000000101101000000000000000
00000000000101101000000000000000
00000000000101101000000000000000
00000000000101101000000000000000
00000000000001101000000000000000
00000000000001101000000000000000
00000000000001101000000000000000
00000000000001111000000000000000
00000000000010110000000000000000
00000000000010110000000000000000
00000000000010110000000000000000
00000000000010110000000000000000
00000000000010110000000000000000
00000000000011111000000000000000
00000000000001101000000000000000
00000000000001100000000000000000
00000000000000000000000000000000
