00000000000000010000000000000000
00000000000000000000000000000000
00000000000000011000000000000000
00000000000001011000000000000000
00000000000000110100000000000000
00000000000000110100000000000000
00000000000000110100000000000000
00000000000000110100000000000000
00000000000010110100000000000000
00000000000010110100000000000000
00000000000000110100000000000000
00000000000000110100000000000000
00000000000010110100000000000000
00000000000010110100000000000000
00000000000000110100000000000000
00000000000000110100000000000000
00000000000000110100000000000000
00000000000000110100000000000000
00000000000000110100000000000000
00000000000000110100000000000000
00000000000010110100000000000000
00000000000010110100000000000000
00000000000000110100000000000000
00000000000000110100000000000000
00000000000000110100000000000000
00000000000000110100000000000000
00000000000001111000000000000000
00000000000001011010000000000000
00000000000001011010000000000000
00000000000001011010000000000000
00000000000000001000000000000000
00000000000000000000000000000000
