00000000000000010111101000000000
00000000000000010111110000000000
00000000000000010111010000000000
00000000000000010111010000000000
00000000000000010110100000000000
00000000000000111110100000000000
00000000000000011111100000000000
00000000000000101111010000000000
00000000000000011111010000000000
00000000000000010111100000000000
00000000000000011110100000000000
00000000000000010110100000000000
00000000000000101110100000000000
00000000000000101110100000000000
00000000000000101110100000000000
00000000000000101110100000000000
00000000000000111110100000000000
00000000000000111111100000000000
00000000000001111101000000000000
00000000000001111101000000000000
00000000000001011101000000000000
00000000000001011101000000000000
00000000000001011101000000000000
00000000000001011101000000000000
00000000000000111000000000000000
00000000000010111110000000000000
00000000000000011010000000000000
00000000000010111010000000000000
00000000000010111010000000000000
00000000000010111010000000000000
00000000000010111010000000000000
00000000000010111010000000000000
