00000000000000000000000000000000
00000111111100000000000000000000
00000101111010000000000000000000
00000101111010000000000000000000
00000101111010000000000000000000
00000101111110000000000000000000
00000010111110000000000000000000
00000010111111000000000000000000
00000010111101000000000000000000
00000010111110000000000000000000
00000010111111000000000000000000
00000010111101000000000000000000
00000010111101000000000000000000
00000001111101000000000000000000
00000001011101000000000000000000
00000001111101000000000000000000
00000011111101000000000000000000
00000001111101000000000000000000
00000001111101000000000000000000
00000001111111000000000000000000
00000001011111000000000000000000
00000001011110100000000000000000
00000001011110100000000000000000
00000001011110100000000000000000
00000001011110100000000000000000
00000001011110100000000000000000
00000001011110100000000000000000
00000000111111010000000000000000
00000000110111111000000000000000
00000000011111101000000000000000
00000000001011111000000000000000
00000000001111110100000000000000
