10100001111111010000000000000000
10100000101111010000000000000000
10100000011111110000000000000000
10100000010111101000000000000000
10100000011111111000000000000000
10100000010111101000000000000000
10100000011111111100000000000000
10100000001011110100000000000000
10100000001111110100000000000000
10100000001011110100000000000000
10100000001011110100000000000000
10100000001011110100000000000000
10100000001011110100000000000000
10100000001011110100000000000000
10100000001011110100000000000000
10100000001011110100000000000000
10100000001011110100000000000000
10100000001011110100000000000000
10100000001011110100000000000000
10100000001011110100000000000000
10100000001011110100000000000000
10100000001011110100000000000000
10100000001011110100000000000000
10100000001011110100000000000000
10100000001011110100000000000000
10100000001011110100000000000000
10100000001011110100000000000000
10100000001011111100000000000000
10100000001011111100000000000000
10100000000111110100000000000000
10100000000101111010000000000000
10100000000101111010000000000000
