00000001011110100000000000000000
00000001011110100000000000000000
00000000111111110000000000000000
00000000101111010000000000000000
00000000101111110000000000000000
00000000101111010000000000000000
00000000111111101000000000000000
00000000010111101000000000000000
00000000011111101000000000000000
00000000010111101000000000000000
00000000010111101000000000000000
00000000010111101000000000000000
00000000010111101000000000000000
00000000010111101000000000000000
00000000010111101000000000000000
00000000010111101000000000000000
00000000010111101000000000000000
00000000010111101000000000000000
00000000010111101000000000000000
00000000010111101000000000000000
00000000010111101000000000000000
00000000010111111000000000000000
00000000010111111000000000000000
00000000010111110100000000000000
00000000010111111000000000000000
00000000001111101000000000000000
00000000001111111000000000000000
00000000010111111100000000000000
00000000001111100100000000000000
00000000001011110100000000000000
00000000001011110100000000000000
00000000001101110100000000000000
