00000000000011111010000000000000
00000000000010111101000000000000
00000000000011111110000000000000
00000000000101111010000000000000
00000000000101111010000000000000
00000000000111111010000000000000
00000000000111111010000000000000
00000000000111111010000000000000
00000000001111111010000000000000
00000000000011111110000000000000
00000000001011110100000000000000
00000000001011110100000000000000
00000000001011110100000000000000
00000000001111110100000000000000
00000000001011110100000000000000
00000000001011110100000000000000
00000000001011110100000000000000
00000000000111110100000000000000
00000000000011110100000000000000
00000000000111110100000000000000
00000000000111110100000000000000
00000000000101110100000000000000
00000000000111110100000000000000
00000000000111110100000000000000
00000000001111111110000000000000
00000000000101111010000000000000
00000000000101111010000000000000
00000000000101111010000000000000
00000000000101111010000000000000
00000000000010111010000000000000
00000000000011111010000000000000
00000000000001011010000000000000
