00000000000000011111101000000000
00000000000000010111101000000000
00000000000000101111010000000000
00000000000000101111010000000000
00000000000000101111010000000000
00000000000001011111110000000000
00000000000001011110100000000000
00000000000001011111100000000000
00000000000001011110100000000000
00000000000001011101000000000000
00000000000010111111000000000000
00000000000010111101000000000000
00000000000010111101000000000000
00000000000010111101000000000000
00000000000010111010000000000000
00000000000101111010000000000000
00000000000101111010000000000000
00000000000101111010000000000000
00000000001011111100000000000000
00000000001011110100000000000000
00000000001011110100000000000000
00000000001111101000000000000000
00000000010111111000000000000000
00000000011111101000000000000000
00000000010111010000000000000000
00000000101111110000000000000000
00000000101111010000000000000000
00000000111111100000000000000000
00000000101110100000000000000000
00000001011110100000000000000000
00000001011111000000000000000000
00000001111101000000000000000000
