00000000000111110100000000000000
00000000001011110100000000000000
00000000001011110100000000000000
00000000001011110100000000000000
00000000001011110100000000000000
00000000001011110100000000000000
00000000001011110100000000000000
00000000001011110100000000000000
00000000001011110100000000000000
00000000001011110100000000000000
00000000001011110100000000000000
00000000000111110100000000000000
00000000000111110100000000000000
00000000000101110100000000000000
00000000000101111010000000000000
00000000000101111010000000000000
00000000000101111010000000000000
00000000000101111010000000000000
00000000000101111010000000000000
00000000000101111010000000000000
00000000000101111010000000000000
00000000000101111010000000000000
00000000000101111010000000000000
00000000000010111111000000000000
00000000000010111100000000000000
00000000000011111011110000000000
00000000000011111111110000000000
00000000000010111111010000000000
00000000000010111111010000000000
00000000000010111110100000000000
00000000000010111111100000000000
00000000000010111101000000000000
