00000000000001111111100000000000
00000000000001011110100000000000
00000000000001111111100000000000
00000000000001111101000000000000
00000000000001011111000000000000
00000000000001011101000000000000
00000000000001011101000000000000
00000000000001111101000000000000
00000000000001011101000000000000
00000000000001011101000000000000
00000000000001011101000000000000
00000000000010111101000000000000
00000000000010111101000000000000
00000000000010111101000000000000
00000000000010111101000000000000
00000000000010111101000000000000
00000000000010111101000000000000
00000000000010111100000000000000
00000000000010111010000000000000
00000000000010111010000000000000
00000000000010111010000000000000
00000000000101111010000000000000
00000000000101111010000000000000
00000000000101111010000000000000
00000000000101111010000000000000
00000000000101111010000000000000
00000000000101111110000000000000
00000000000101111000000000000000
00000000000101111110100000000000
00000000000101111111110000000000
00000000000101111111100000000000
00000000000010111101000000000000
