00000000000010111010000000000000
00000000000010111101000000000000
00000000000010111111100000000000
00000000000011111110100000000000
00000000000001011110100000000000
00000000000001011110100000000000
00000000000001011110100000000000
00000000000000011110100000000000
00000000000000101110100000000000
00000000000000101110100000000000
00000000000000101110100000000000
00000000000000101110100000000000
00000000000001011110100000000000
00000000000001011110100000000000
00000000000001011110100000000000
00000000000001011110100000000000
00000000000001011110100000000000
00000000000001011110100000000000
00000000000001011110100000000000
00000000000001011110100000000000
00000000000001011111100000000000
00000000000001011110100000000000
00000000000011111110100000000000
00000000000001111110100000000000
00000000000001011111100000000000
00000000000001011101000000000000
00000000000001011110100000000000
00000000000001011100100000000000
00000000000001011110100000000000
00000000000001011110100000000000
00000000000001011110100000000000
00000000000001011110100000000000
