00000000000000101111111110000000
00000000000001011111111010000000
00000000000000111111111010000000
00000000000000000111111010000000
00000000000000001001111010000000
00000000000000001111111010000000
00000000000000001011110100000000
00000000000000001011110100000000
00000000000000001011110100000000
00000000000000001011110100000000
00000000000000001011110100000000
00000000000000010111101000000000
00000000000000010111111000000000
00000000000000010111101000000000
00000000000000111111101000000000
00000000000000101111010000000000
00000000000000101111010000000000
00000000000000101111010000000000
00000000000001011110100000000000
00000000000001111111100000000000
00000000000001011110100000000000
00000000000010111101000000000000
00000000000010111101000000000000
00000000000111111110000000000000
00000000000101111010000000000000
00000000000101111010000000000000
00000000000101111010000000000000
00000000000101110100000000000000
00000000001011111100000000000000
00000000001011110100000000000000
00000000001011111100000000000000
00000000000101101000000000000000
