00000000000000001111111100000000
00000000000000001011110100000000
00000000000000001011111000000000
00000000000000001011101000000000
00000000000000001011101000000000
00000000000000001011101000000000
00000000000000000011101000000000
00000000000000000011101000000000
00000000000000010111101000000000
00000000000000010111110000000000
00000000000000010111010000000000
00000000000000010111010000000000
00000000000000010111010000000000
00000000000000010111010000000000
00000000000000010111010000000000
00000000000000101110100000000000
00000000000000101110100000000000
00000000000000101110100000000000
00000000000001111110100000000000
00000000000001011101000000000000
00000000000001011111000000000000
00000000000001011101000000000000
00000000000010111111000000000000
00000000000010111010000000000000
00000000000010111010000000000000
00000000000010111010000000000000
00000000000101110100000000000000
00000000000101110100000000000000
00000000000101110100000000000000
00000000000101110100000000000000
00000000000101101000000000000000
00000000000101101000000000000000
