00000000010111110000000000000000
00000000111111101000000000000000
00000000101111101000000000000000
00000000111111101000000000000000
00000000010111110100000000000000
00000000001011110100000000000000
00000000001111110100000000000000
00000000001011110100000000000000
00000000000101110100000000000000
00000000000101110100000000000000
00000000000101110100000000000000
00000000000101111000000000000000
00000000000101111010000000000000
00000000000101111010000000000000
00000000000101111010000000000000
00000000000101111010000000000000
00000000000101111010000000000000
00000000000101111010000000000000
00000000000101111010000000000000
00000000000101111010000000000000
00000000000101111010000000000000
00000000000101111010000000000000
00000000000101111010000000000000
00000000000101111010000000000000
00000000000101111010000000000000
00000000000101111010000000000000
00000000000101111010000000000000
00000000000101111111000000000000
00000000000010111000100000000000
00000000000010111111010000000000
00000000000011111111111000000000
00000000000001011111111000000000
