00000000000000000000000000000000
00000000000000000000000000000000
00000000000000000000000000000000
00000000000000000000000000000000
00000000000001100000000000000000
00000000000000000000000000000000
00000000000101100100000000000000
00000000000101100100000000000000
00000000000101100100000000000000
00000000000101100100000000000000
00000000000101100100000000000000
00000000000101100100000000000000
00000000000101100100000000000000
00000000000101100100000000000000
00000000000101100100000000000000
00000000000101100100000000000000
00000000000101100100000000000000
00000000000101100100000000000000
00000000000101100100000000000000
00000000000101100100000000000000
00000000000101100000000000000000
00000000000000000000000000000000
00000000000000000000000000000000
00000000000101100100000000000000
00000000000101100100000000000000
00000000000000000000000000000000
00000000000101100000000000000000
00000000000101100100000000000000
00000000000101100100000000000000
00000000000000000000000000000000
00000000000001100000000000000000
00000000000000000000000000000000
