00000000000000000000000000000000
00000000000000000000000000000000
00000000000000000000000000000000
00000000000000000000000000000000
00000000000000001100000000000000
00000000000000000000000000000000
00000000000000101110100000000000
00000000000000101110100000000000
00000000000000101110100000000000
00000000000000101110100000000000
00000000000000101110100000000000
00000000000000101110100000000000
00000000000000000000000000000000
00000000000000001100000000000000
00000000000000000000000000000000
00000000000000000000000000000000
00000000000000000000000000000000
00000000000000000000000000000000
00000000000000000000000000000000
00000000000000000000000000000000
00000000000000001100000000000000
00000000000000000000000000000000
00000000000000101110100000000000
00000000000000101110100000000000
00000000000000101110100000000000
00000000000000101110100000000000
00000000000000000000000000000000
00000000000000001100000000000000
00000000000000000000000000000000
00000000000000000000000000000000
00000000000000000000000000000000
00000000000000000000000000000000
