00000000000000000000000000000000
00000000000000000000000000000000
00000000000000000000000000000000
00000000000000000000000000000000
00000000000000000000000000000000
00000000000000000000000000000000
00000000000000000000000000000000
00000000000000000000000000000000
00000000000000000000000000000000
00000000000000011000000000000000
00000000000000000000000000000000
00000000000010011001000000000000
00000000000010011001000000000000
00000000000010011001000000000000
00000000000010011001000000000000
00000000000010011001000000000000
00000000000010011001000000000000
00000000000010011001000000000000
00000000000010011001000000000000
00000000000010011001000000000000
00000000000010011001000000000000
00000000000010011001000000000000
00000000000010011001000000000000
00000000000010011001000000000000
00000000000010011001000000000000
00000000000000000000000000000000
00000000000000011000000000000000
00000000000000000000000000000000
00000000000000000000000000000000
00000000000000000000000000000000
00000000000000000000000000000000
00000000000000000000000000000000
