00000000000000011111111100000000
00000000000001111111111111100000
00000000001111110000001111110000
00000000011110000000000001111000
00000001111000000000000000111100
00000011110000000000000000001110
00000111000000000000000000001110
00001110000000000000000000001111
00011100000000000000000000000111
00111000000000000000000000000111
00110000000000000000000000000111
01110000000000000000000000000110
01111000000000000000000000000110
01110000000000000000000000001110
01110000000000000000000000011100
01110000000000000000000000011000
01110000000000000000000000111000
01100000000000000000000001110000
01100000000000000000000011100000
01100000000000000000000111000000
11100000000000000000001110000000
11100000000000000000011100000000
11100000000000000000111000000000
11100000000000000001110000000000
11100000000000000011110000000000
01110000000000000111000000000000
01110000000000001110000000000000
01110000000000111100000000000000
00111000000001111000000000000000
00111100001111110000000000000000
00011111111111000000000000000000
00000111111000000000000000000000
