00000000000000000000000111111000
00000000000000000000011111111110
00000000100000000001111111111111
00000001110000000111111111111111
00000111111000001111111000011111
00000111111100011111100000011111
00001111111101111110000000011111
00011111011111111100000000011111
00011111011111110000000000011110
00111111111111100000000000011110
00111110111110000000000000111100
01111001111111000000000000111100
01111011111111110000000001111100
11110011111110111000000001111100
11110111100111001110000001111000
11111111100011100010000011111000
11111110000011110001000111110000
11111100000001111111100111100000
11111100000000011110001111000000
11111100000000000000011111000000
11111100000000000000111110000000
11111000000000000011111100000000
11100000000000000111111000000000
01100000000000001111110000000000
01100000000000011111100000000000
11110000000000111111000000000000
11110000000011111110000000000000
01110000001111111000000000000000
01111000111111110000000000000000
00111111111111000000000000000000
00011111111100000000000000000000
00001111110000000000000000000000
