00000000000000000000000000000000
00000000000001111111111100000000
00000000000011111111111111000000
00000000001111100000011111110000
00000000011110000000000011111000
00000000111100000000000001111100
00000001110000000000000000111100
00000001110000000000000000011110
00000011100000000000000000001111
00000111000000000000000000000111
00000111000000000000000000000110
00000110000000000000000000001110
00001110000000000000000000001110
00001100000000000000000000011100
00011100000000000000000000111100
11011100000000000000000000111000
11111000000000000000000001110000
11111000000000000000000011100000
11111000000000000000000111000000
01111000000000000000001111000000
01111000000000000000011110000000
01111000000000000000111000000000
01111000000000000001111000000000
01110000000000000011110000000000
01110000000000000111100000000000
01110000000000001110000000000000
01110000000000111100000000000000
00111000000001111000000000000000
00111100000011110000000000000000
00011110011111100000000000000000
00001111111110000000000000000000
00000111111000000000000000000000
