00000000110000000000000000000000
00000000011000000001111111100000
00000000110000001111111111111000
00000000110001111111111111111100
00000000000111111110000000011110
00000000011111110000000000001111
00000000111111000000000000001111
00000001111100000000000000001111
00000111110000000000000000001110
00000111100000000000000000001110
00001111100000000000000000001110
00011110000000000000000000011110
00111100000000000000000000011100
01111110000000000000000000111100
01111100000000000000000000111000
11111100000000000000000001111000
11111100000000000000000001110000
01111000000000000000000011110000
01111111110000000000000111110000
01111111000000000000001111000000
01110000000000000000011110000000
01110000000000000000111100000000
01110000000000000001111000000000
01110000000000000111110000000000
01110000000000001111100000000000
01110000000000011110000000000000
00111000000001111100000000000000
00111000000111111000000000000000
00011100001111100000000000000000
00001111111111000000000000000000
00001111111100000000000000000000
00000011100000000000000000000000
