00000000000001100000011111000000
00000000000000000011111111110000
00000000000000011111111111111000
00000000000000111111111111111100
00000000000011111110000000111110
00000000001111110000000000001111
00000000111111000000000000001111
00000001111100000000000000000111
00000111111100000000000000000111
00001111111100000000000000000111
00001111111100000000000000001111
00001111111000000000000000001111
00001111111000000000000000011110
00001111011000000000000000011100
00001111011000000000000000111100
00001111001111100000000000111000
00011110000001110000000001111000
00011110000000000000000011110000
00011100000000000000000111100000
00111100000000000000001111000000
00111100000000000000011110000000
00111000000000000000111100000000
01111000000000000001111000000000
01111000000000000111110000000000
01110000000000001111100000000000
01110000000000111111000000000000
01111000000001111100000000000000
01111000000111111000000000000000
00111100011111100000000000000000
00011111111110000000000000000000
00001111111100000000000000000000
00000111100000000000000000000000
