00000000000000000001111100000000
00000000000000000000111111000000
00000000000000000000000111100000
00000000000000111100000001110000
00000000000011111110000000111000
00000000001111000011000000011100
00000000011110000000000000011100
00000000111100000000000000001110
00000001110000000000000000001110
00000011110000000000000000001111
00000011100000000000000000000111
00000111000000000000000000000111
00001110000000000000000000000110
00001110000000000000000000001110
00011100000000000000000000001110
00111100000000000000000000011100
00111000000000000000000000011100
01110000000000000000000000111000
01110000000000000000000001111000
11110000000000000000000001110000
11100000000000000000000111100000
11100000000000000000001111000000
11100000000000000000011110000000
11000000000000000000111100000000
11000000000000000001111000000000
11000000000000000011100000000000
11000000000000001111000000000000
11100000000000111110000000000000
11110000000011111000000000000000
01111000001111100000000000000000
00001111111110000000000000000000
00000111110000000000000000000000
