00000000000001100000000000000000
00000000000111110000000111100000
00000000001111111000011111110000
00000000001111111101111111111000
00000000011110011111111111111100
00000000111100001111110000011100
00000001111000001111100000001110
00000001110000001110000000001110
00000011110000001100000000001111
00000111100000011100000000001111
00000111000000001000000000000111
00001111000000000000000000000111
00011110000000000000000000000111
00011100000000000000000000000111
00111100000000000000000000001110
00111000000000000000000000001110
00111000000000000000000000001110
01110000000000000000000000001110
01110000000000000000000000011100
01110000000000000000000000111100
11110000000000000000000000111000
11110000000000000000000001111000
01100000000000000000000011110000
01100000000000000000000111100000
01110000000000000000001111000000
01110000000000000000111110000000
00110000000000000001111100000000
00111000000000000111111000000000
00011100000000011111100000000000
00001110000011111111000000000000
00001111111111111100000000000000
00000011111111110000000000000000
