00000000000000000000011111110000
00000000000000000001111111111000
00000000000000000011111111111100
00000000000000000111110000111110
00000000000000001111000000011110
00000111000000011110000000001110
00001111110000111100000000001111
00011111110000111000000000001111
00111111110001111000000000000111
00111100100001110000000000000111
01111000000011110000000000000111
01111000000011100000000000001111
01110000000011100000000000001111
11110000000011100000000000001110
11110000000011100000000000011110
11100000000001100000000000011110
11100000000000000000000000011110
11100000000000000000000000111100
11100000000000000000000001111000
11000000000000000000000001111000
11000000000000000000000011110000
11000000000000000000000111100000
11000000000000000000001111000000
11000000000000000000011110000000
11100000000000000000111100000000
11100000000000000011111000000000
11100000000000000111110000000000
01110000000000011111100000000000
01111000000001111110000000000000
00111100000111111100000000000000
00011111111111110000000000000000
00001111111111000000000000000000
