11111111111111111111111111111111
11111111111111111111111111111111
11111111111111111111111111111111
11111111111111111111111111111111
11111111111111111111111111111111
11111111111111111111111111111111
11111111111111111111111111111111
11111111111111111111111111111111
11111111111111111111111111111111
11111111111111111111111111111111
11111111111111111111111111111111
11111111111111111111111111111111
11111111111111111111111111111111
11111111111111111111111111111111
11111111111111111111111111111111
11111111111111111111111111111111
10111111111111111111111111111111
11110111111111111111111111111111
11111111111111111111111111111111
11111111111111111111111111111111
11111111111111111111111111111111
10111110111111111111111111111111
11111111111111111111111111111111
01111111111111111111111111111111
01011111111111111111111111111111
01110111111111111111111111111111
01110111111111111111111111111111
00110011111111111111111111111111
00000011111111111111111111111111
00000000011111111111111111111111
00000011011111111111111111111111
00000000111111111111111111111111
