00000000000000000111111111000000
00000000000000011111111111110000
00000000000000111000000111111000
00000000000001110000000001111100
00000000000011100000000000001100
00000000000111000000000000001110
00000000000110100000000000000110
00000000000111100000000000000110
00000000001110000000000000001110
00000000011100000000000000001110
00000000111000000000000000001110
00000001110000000000000000001110
00000011100000000000000000001100
00000011100000000000000000011100
00000111000000000000000000111000
00000110000000000000000001110000
00001110000000000000000011100000
00011100000000000000000111100000
00011100000000000000001111000000
00111000000000000000011110000000
00111000000000000000111100000000
00110000000000000001111000000000
01110000000000000011110000000000
01110000000000000111000000000000
01100000000000001110000000000000
01100000000000111100000000000000
11100000000001111000000000000000
11110000000011110000000000000000
01110000001111000000000000000000
01111001111110000000000000000000
00111111111000000000000000000000
00001111000000000000000000000000
