00000000000000000000000000000000
00000000000000000000011110000000
00000000000000000111111111100000
00000000000000111111111111111000
00000000000011111000000000011000
00000000001111000000000000001100
00000000011100000000000000001110
00000000111000000000000000000110
00000011100000000000000000000110
00000111000000000110000000000111
00001110000000000110000000000011
00011000000000001110000000000011
00111000000000001110000000000011
00110000000000001110000000000011
01100000000000011110000000000011
01100000000000011000000000000110
01000000000000011000000000000110
00000000000000011000000000000110
00000000000000110000000000000110
00000000000000110000000000000110
00000000000000110000000000001100
00000000000000110000000000011100
00000000000001110000000000111000
00000000000001110000000001110000
00000000000001110000000001100000
00000000000001110000000011000000
00000000000000110000001111000000
00000000000000110000011100000000
00000000000000011000111000000000
00000000000000011101110000000000
00000000000000001111000000000000
00000000000000000000000000000000
