00000000000000000000011110000000
00000000000000000011100000000000
00000000000000000100000000000000
00000111111100111000000000000000
00000000000011111111000000000000
00000000000011000000011110000000
00000000000110000000000001111000
00000000001000000000000000000100
00000000110000000000000000000110
00000000110000000000000000000011
00000001100000000000000000000011
00000011000000000000000000000001
00000010000000000000000000000011
00000110000000000000000000000011
00001100000000000000000000000011
00001000000000000000000000000011
00011000000000000000000000000110
00011000000000000000000000000110
00110000000000000000000000001100
00110000000000000000000000001100
00110000000000000000000000011000
01110000000000000000000000011000
01110000000000000000000000110000
01110000000000000000000001100000
00110000000000000000000011000000
00100000000000000000000110000000
01100000000000000000001100000000
00110000000000000000110000000000
00110000000000000001100000000000
00011000000000000110000000000000
00001110000000011000000000000000
00000001000000000000000000000000
