00000000000111111111110000000000
00000000111000000000001100000000
00000011000000000000000010000000
00001110000000000000000001100000
00110100000000000000000000110000
01001100000000000000000000010000
10001000000000000000000000001000
00010000000000000000000000001000
00110000000000000000000000000100
00100000000000000000000000000100
00100000000000000000000000000010
01000000000000000000000000000010
01000000000000000000000000000010
01000000000000000000000000000010
01000000000000000000000000000010
01000000000000000000000000000010
01000000000000000000000000000010
01000000000000000000000000000010
01000000000000000000000000000010
00100000000000000000000000000010
00100000000000000000000000000010
00100000000000000000000000000110
00010000000000000000000000000100
00011000000000000000000000000100
00001000000000000000000000001000
00000100000000000000000000001000
00000010000000000000000000010000
00000000100000000000000000110000
00000000010000000000000001100000
00000000000100000000000001000000
00000000000001000000000010000000
00000000000000000000000000000000
