00000000000000111111111100000000
00000000000111110000001111110000
00000000011110000000000000111100
00000000110000000000000000001110
00000001110000000000000000000110
00000011111000000000000000000011
00000110000000000000000000000011
00001100000000000000000000000011
00001000000000000000000000000011
00011000000000000000000000000011
00110000000000000000000000000011
00110000000000000000000000000011
01100000000000000000000000000010
01100000000000000000000000000110
11000000000000000000000000000110
11000000000000000000000000000110
11000000000000000000000000000110
11000000000000000000000000001100
11000000000000000000000000001100
11000000000000000000000000011000
11000000000000000000000000011000
11000000000000000000000000111000
11000000000000000000000000110000
01100000000000000000000001100000
00110000000000000000000011100000
00011000000000000000000111000000
00011000000000000000001110000000
00001100000000000000011000000000
00000110000000000001110000000000
00000011100000000011100000000000
00000000111100011110000000000000
00000000001111111000000000000000
