00000000000000000000000000000000
00000000000000000000000000000000
00000000000000000000000000000000
00000000000000000000000000000000
00000000000000000000000000000000
00011111111111111000000000000000
00100000000000000011110000000000
01011111111111111100001110000000
10111111111111111111110001100000
01110000000000000111111110011000
11101111111111111000011111100110
11010000000000000111100011111001
10100000000000000000011100011110
11110000000000000000000001100111
11010000000000000000000000011011
11101000000000000000000000001101
11110111111100000000001111110011
11111000000001111111100000001111
11111111111110000000001111111110
00001111111111111111111111111001
01110000000111111111111100000110
00001111110000000000000001111000
00000000000111111111111100000000
00000000000000000000000000000000
00000000000000000000000000000000
00000000000000000000000000000000
00000000000000000000000000000000
00000000000000000000000000000000
00000000000000000000000000000000
00000000000000000000000000000000
00000000000000000000000000000000
00000000000000000000000000000000
