00000000000000001111111111111000
00000000000111110000000001111110
00000000111100000000000000000110
00000001111000000000000000000110
00000000110000000000000000000010
00000000100000000000000000000110
00000001100000000000000000000110
00000011000000000000000000000110
00000010000000000000000000000110
00000110000000000000000000000110
00000100000000000000000000000110
00001100000000000000000000000100
00001000000000000000000000001100
00011000000000000000000000001100
00010000000000000000000000001100
00010000000000000000000000001000
00110000000000000000000000011000
00100000000000000000000000010000
00100000000000000000000000110000
01100000000000000000000000100000
01100000000000000000000001100000
01000000000000000000000011000000
01000000000000000000000110000000
01000000000000000000001100000000
01000000000000000000011000000000
11000000000000000000110000000000
11000000000000000001100000000000
11000000000000000010000000000000
01000000000000001100000000000000
01100000000000110000000000000000
00111000000111000000000000000000
00000111100000000000000000000000
