00001111111111110000000000000000
00000111000001111110000000000000
00000110000000000011100000000000
00001100000000000000111000000000
00011000000000000000001110000000
00111000000000000000000111110000
00110000000000000000000000111000
01110000000000000000000000011100
01100000000000000000000000000110
01100000000000000000000000000111
11000000000000000000000000000011
11000000000000000000000000000011
11000000000000000000000000000011
11000000000000000000000000000011
11000000000000000000000000000011
11000000000000000000000000000011
11000000000000000000000000000011
11000000000000000000000000000011
11000000000000000000000000000011
11000000000000000000000000000110
11000000000000000000000000000110
01100000000000000000000000000110
01100000000000000000000000001100
01100000000000000000000000001100
00110000000000000000000000011000
00110000000000000000000000110000
00011000000000000000000001100000
00001100000000000000000110000000
00000111000000000000001100000000
00000001110000000000111000000000
00000000011100000011100000000000
00000000000000000100000000000000
