00000000001100000000000000000000
00000000011100000011000000000000
00000000100000000000011111100000
00000001100000000000000000111100
00000001000000000000000000000110
00000010000000000000000000000010
00000110000000000000000000000010
00000100000000000000000000000010
00001000000000000000000000000010
00001000000000000000000000000010
00010000000000000000000000000100
00010000000000000000000000000100
00110000000000000000000000000100
00100000000000000000000000001000
00100000000000000000000000001000
00100000000000000000000000001000
01000000000000000000000000010000
01000000000000000000000000010000
01000000000000000000000000010000
01000000000000000000000000100000
11000000000000000000000000100000
11000000000000000000000001100000
10000000000000000000000001000000
10000000000000000000000011000000
10000000000000000000000110000000
11000000000000000000000110000000
01000000000000000000001100000000
01000000000000000000010000000000
00110000000000000001100000000000
00010000000000000110000000000000
00000110000000011000000000000000
00000000011000000000000000000000
