00000000000000011111110000000000
00000000000011100000011111000000
00000000000110000000000001110000
00000000001100000000000000011100
00000000011100000000000000001110
00000000110000000000000000000110
00000001100000000000000000000010
00000011000000000000000000000010
00000110000000000000000000000010
00000100000000000000000000000011
00001100000000000000000000000010
00011000000000000000000000000110
00011000000000000000000000000110
00010000000000000000000000000110
00110000000000000000000000000100
00100000000000000000000000001100
00100000000000000000000000001100
01100000000000000000000000001000
01100000000000000000000000011000
01100000000000000000000000110000
01100000000000000000000000100000
01100000000000000000000001100000
01100000000000000000000011000000
01100000000000000000000010000000
00100000000000000000000100000000
00110000000000000000001000000000
00010000000000000000010000000000
00011000000000000000110000000000
00001000000000000011000000000000
00000100000000000110000000000000
00000010000000011000000000000000
00000000110011110000000000000000
