00000000011111111111000000000000
00000011111000000011111110000000
00000111000000000000000111100000
00001111110000000000000000111100
00001111100000000000000000001110
00011110000000000000000000000010
00001100000000000000000000000011
00011000000000000000000000000011
00011000000000000000000000000011
00111000000000000000000000000011
00110000000000000000000000000011
00110000000000000000000000000011
00110000000000000000000000000011
01110000000000000000000000000010
01100000000000000000000000000010
01100000000000000000000000000110
01100000000000000000000000000110
01100000000000000000000000000110
01100000000000000000000000000100
01100000000000000000000000001100
01100000000000000000000000001100
01100000000000000000000000011000
00100000000000000000000000110000
00110000000000000000000001100000
00110000000000000000000001100000
00110000000000000000000111000000
00011000000000000000001110000000
00011000000000000000011100000000
00001100000000000000111000000000
00000111000000000011100000000000
00000001110000001110000000000000
00000000011111110000000000000000
