00010000011111110000000000000000
11000000000000000001110000000000
00000000000000000000001110000000
10000000000000000000000001100000
00000000110000000000000000011000
00000011000000000000000000001100
00000110000000000000000000001100
00001100000000000000000000000110
00011000000000000000000000000010
00110000000000000000000000000010
00100000000000000000000000000010
01100000000000000000000000000010
01000000000000000000000000000010
11000000000000000000000000000010
11000000000000000000000000000010
11000000000000000000000000000110
11000000000000000000000000000100
11000000000000000000000000000100
11000000000000000000000000000100
01000000000000000000000000001100
01000000000000000000000000001000
01000000000000000000000000011000
01100000000000000000000000010000
01100000000000000000000000010000
00100000000000000000000000100000
00110000000000000000000001100000
00010000000000000000000011000000
00011000000000000000000110000000
00001000000000000000001100000000
00001100000000000000011000000000
00000011000000000000100000000000
00000000110000000010000000000000
