00000000000000000000000000000000
00000000000000000000000000000000
00000000000000000000000000000000
00000000000000000000000000000000
00000000000000000000000000000000
00000000000000011111110000000000
00000000000000011111111110000000
00000000000000000000000011000000
00000000000000000000000011000000
00000000011000000000000011000000
00000000011000000000000010000000
00000000011000000000000110000000
00000000011000000000000110000000
00000000011000000000000100000000
00000000010000000000001100000000
00000000011000000000001000000000
00000000011000000000011000000000
00000000011000000000110000000000
00000000011000000001100000000000
00000000011000000011100000000000
00000000001100000111000000000000
00000000001100001110000000000000
00000000000111111000000000000000
00000000000011110000000000000000
00000000000000000000000000000000
00000000000000000000000000000000
00000000000000000000000000000000
00000000000000000000000000000000
00000000000000000000000000000000
00000000000000000000000000000000
00000000000000000000000000000000
00000000000000000000000000000000
