00000000000000000000000000000000
00000000000000000000000000000000
00000000000000110000000000000000
00000000000001111111100000000000
00000011000000001111111100000000
00000111000000000000111111000000
00000111000000000000000111100000
00000111000000000000000011110000
00001111000000000000000001111000
00001110000000000000000000111100
00001110000000000000000000011100
00001110000000000000000000001100
00001110000000000000000000001100
00011110000000000000000000001100
00011100000000000000000000001100
00011100000000000000000000011100
00011100000000000000000000011100
00011100000000000000000000011100
00011100000000000000000000011000
00011100000000000000000000111000
00011100000000000000000001110000
00011100000000000000000011100000
00011100000000000000000011100000
00011110000000000000000111000000
00001110000000000000011110000000
00001110000000000000111100000000
00000111000000000011111000000000
00000011100000001111110000000000
00000001111000111111000000000000
00000000111111111100000000000000
00000000001111100000000000000000
00000000000000000000000000000000
