00000000000000000000000000000000
00000000000000000000000000000000
00000000000000000000000000000000
00000000000011111111100000000000
00000000000000000111111110000000
00000000000000000000000111100000
00000000000000000000000000111000
00000000000000000000000000011000
00000100000000000000000000001100
00000110000000000000000000001100
00000110000000000000000000000100
00000110000000000000000000000100
00000110000000000000000000000100
00000110000000000000000000001100
00000110000000000000000000001100
00000110000000000000000000001100
00000110000000000000000000001000
00000110000000000000000000011000
00000110000000000000000000011000
00000110000000000000000000110000
00000111000000000000000001100000
00000011000000000000000001100000
00000011000000000000000011000000
00000011000000000000000110000000
00000011100000000000001110000000
00000001100000000000111000000000
00000001110000000011110000000000
00000000111100001111000000000000
00000000001111111100000000000000
00000000000011000000000000000000
00000000000000000000000000000000
00000000000000000000000000000000
