00000000000000000000000000000000
00000000000000000000000000000000
00000000000000010111111100000000
00000000011111111111111111110000
00000011111111111111101111111000
00000111111000000000000001111100
00001111000000000000000000011100
00001110000000000000000000001100
00001100000000000000000000001110
00011100000000000000000000001110
00011100000000000000000000000110
00011100000000000000000000000110
00011100000000000000000000000110
00011100000000000000000000000110
00011000000000000000000000001110
00111000000000000000000000001100
00111000000000000000000000001100
00111000000000000000000000011000
00111000000000000000000000111000
00111000000000000000000001110000
00111000000000000000000011100000
00111000000000000000000111000000
00111000000000000000001110000000
00111000000000000000011100000000
00111000000000000001111000000000
00111000000000000011110000000000
00011100000000000111100000000000
00011100000000001111000000000000
00011110000000111100000000000000
00001111100111111000000000000000
00000111111111100000000000000000
00000001111110000000000000000000
