00000000000000000000000000000000
00000000000000000000000000000000
00000000000000001111111110000000
00000000000001111111111111110000
00000000000011111111111111111000
00001100000001110000000001111100
00001100000000000000000000111100
00011100000000000000000000011100
00011100000000000000000000001100
00011100000000000000000000001110
00011100000000000000000000001100
00011100000000000000000000011100
00011100000000000000000000011100
00011100000000000000000000111000
00011100000000000000000000111000
00011100000000000000000001110000
00011100000000000000000011100000
00011100000000000000000011100000
00011100000000000000000111000000
00011110000000000000001111000000
00011110000000000000011110000000
00011110000000000000111100000000
00001110000000000001111000000000
00001110000000000011110000000000
00001111000000001111100000000000
00000111000000011111000000000000
00000111100001111110000000000000
00000011110111111000000000000000
00000011111111110000000000000000
00000000111110000000000000000000
00000000000000000000000000000000
00000000000000000000000000000000
