00000000000000000000000000000000
00000000000000000000000000000000
00000000000000000000000000000000
00000000000000000000000000000000
00000000000000000000000000000000
00000000000011111111111111111100
00000000011100000000000000000011
00000001100011111111111111111100
00001110011111111111111111111111
00010001111110000000000000000111
01001111110001111111111111110001
10011110001110000000000000000111
01111001110000000000000000000111
11100110000000000000000000000101
11011000000000000000000000001111
11110000000000000000000000011011
11110001110000000000001111110111
11001110001111111111110000011110
11110001110000000000001111111101
01111111111111111111111111111010
10011111111111111111111000000100
01100000000000000000000111111000
00011111111111111111111000000000
00000000000000000000000000000000
00000000000000000000000000000000
00000000000000000000000000000000
00000000000000000000000000000000
00000000000000000000000000000000
00000000000000000000000000000000
00000000000000000000000000000000
00000000000000000000000000000000
00000000000000000000000000000000
