00000000000000000000000000000000
00000000000000000000000000000000
00000000000000000000000000000000
00000000000000111111111111000000
00000000000011111111111111110000
00000000001111100000000011111000
00000000011100000000000000111000
00000110000000000000000000011100
00001111000000000000000000001100
00001111000000000000000000001100
00011110000000000000000000001100
00011110000000000000000000001100
00011100000000000000000000001100
00111100000000000000000000011100
00111100000000000000000000111000
00111100000000000000000000111000
01111000000000000000000001110000
01111000000000000000000001110000
01111000000000000000000001100000
01111000000000000000000111000000
01111000000000000000000110000000
01111000000000000000011110000000
01111000000000000000111100000000
01111000000000000001111000000000
00111100000000000111110000000000
00111100000000001111100000000000
00111110000000111110000000000000
00011111000011111100000000000000
00001111111111110000000000000000
00000011111111000000000000000000
00000000000000000000000000000000
00000000000000000000000000000000
