00000000000000010000000000000000
00000000000011111111111000000000
00000000000011110001111111000000
00000000000000000000000111110000
00000000000000000000000001111000
00000000000000000000000000011100
00000000000000000000000000011100
00000000000000000000000000001100
00000001000000000000000000001100
00000111000000000000000000001100
00000111000000000000000000001100
00001110000000000000000000001100
00001110000000000000000000011100
00001110000000000000000000011000
00011100000000000000000000111000
00011100000000000000000001110000
00011100000000000000000001110000
00011100000000000000000011100000
00111100000000000000000111100000
00111000000000000000000111000000
00111000000000000000001110000000
00111000000000000000011100000000
00111000000000000000111000000000
00111100000000000011110000000000
00011100000000000111100000000000
00011100000000001111000000000000
00011100000001111110000000000000
00001111000111111000000000000000
00000111111111100000000000000000
00000011111100000000000000000000
00000000000000000000000000000000
00000000000000000000000000000000
