00000000000000000000000000000000
00000000000000000000000000000000
00000000000000000000000000000000
00000000000000011111111000000000
00000000000111111111111111000000
00000011111111111111111111100000
00000111111111100000000111110000
00001111110000000000000001111000
00001111000000000000000000111100
00001110000000000000000000011100
00001110000000000000000000011100
00011110000000000000000000011100
00011100000000000000000000011100
00011100000000000000000000011110
00011100000000000000000000011110
00011100000000000000000000011100
00111100000000000000000000111100
00111000000000000000000001111000
00111000000000000000000011110000
00111000000000000000000111100000
01111000000000000000001111000000
01111000000000000000011110000000
01111000000000000001111100000000
01111000000000000011111000000000
00111000000000000111110000000000
00111100000000111111000000000000
00011111000111111110000000000000
00001111111111111000000000000000
00000111111111000000000000000000
00000000100000000000000000000000
00000000000000000000000000000000
00000000000000000000000000000000
