00000000000000000000000000000000
00000000000000110000000000000000
00000000000011111111100000000000
00000000001111111111111000000000
00000001111111000000111110000000
00000001111000000000001111000000
00000000000000000000000111100000
00000000000000000000000001110000
00000000000000000000000001110000
00000000000000000000000000111000
00000000000000000000000000111000
00110000000000000000000000111000
01111000000000000000000000011000
01111000000000000000000000011100
01111000000000000000000000011000
01111000000000000000000000011000
01111000000000000000000000111000
01111000000000000000000000111000
00111000000000000000000000111000
00111000000000000000000001110000
00111000000000000000000011110000
00111000000000000000000011100000
00111100000000000000000111100000
00111100000000000000001111000000
00111100000000000000111110000000
00011100000000000001111000000000
00011110000000000111110000000000
00011111000000011111000000000000
00001111111111111100000000000000
00000011111111110000000000000000
00000000010000000000000000000000
00000000000000000000000000000000
