00000000000111111111100000000000
00000000011111111111111100000000
00000000111100000000111111100000
00000001111000000000001111111000
00000011110000000000000001111100
00000011100000000000000000111100
00000111000000000000000000001110
00000111000000000000000000001110
00001111000000000000000000001110
00001110000000000000000000001110
00001110000000000000000000001110
00011100000000000000000000001110
00011100000000000000000000011100
00011100000000000000000000111100
00011100000000000000000000111000
00111100000000000000000001110000
00111000000000000000000011110000
00011000000000000000000011100000
00011000000000000000000111000000
00011000000000000000001110000000
00011100000000000000011110000000
00011100000000000000111100000000
00011100000000000011110000000000
00001110000000000111100000000000
00001111000000001111000000000000
00000111100000011100000000000000
00000011111011110000000000000000
00000000111111100000000000000000
00000000000000000000000000000000
00000000000000000000000000000000
00000000000000000000000000000000
00000000000000000000000000000000
