00000000000000000000000000000000
00000000000000000000000000000000
00000000000000000000000000000000
00000000000000000000000000000000
00000000000000000000000000000000
00000000000000000111111110000000
00000000111111111111000111110000
00000001111111000000000011110000
00000111111110000000000001111000
00000111110000000000000000111000
00001111100000000000000000111000
00001111000000000000000000111100
00001111000000000000000000011100
00011111000000000000000000011100
00011110000000000000000000111100
00011110000000000000000000111100
00011110000000000000000000111000
00011110000000000000000000111000
00011110000000000000000001110000
00011110000000000000000011110000
00011110000000000000000011100000
00011110000000000000000111000000
00001111000000000000001111000000
00001111000000000000011110000000
00000111100000000000111100000000
00000011110000000011111000000000
00000001111000000111110000000000
00000001111110011111000000000000
00000000001111111100000000000000
00000000000000000000000000000000
00000000000000000000000000000000
00000000000000000000000000000000
