00000000000000000000000000000000
00000000000000000000000000000000
00000000000000000000000000000000
00000000000000000000000000000000
00000000000000000000000000000000
00000000000000000000000000000000
10000111111111111111000000000000
01111000000000000000110000000000
10000111111111111111001000000000
11111111111111111111110110000000
11111110000000000001111001000000
11000001111111111110011110100000
11011110000000000001100111010000
11011000000000000000011011101000
11100100000000000000000101110100
11111011100000000000000010111011
00111100001111000000000001011100
01001111100000011111111111101111
00110011111111000000000000000111
00001100111111111111111111111111
00000011000001111111111111111110
00000000111110000000000000000001
00000000000001111111111111111110
00000000000000000000000000000000
00000000000000000000000000000000
00000000000000000000000000000000
00000000000000000000000000000000
00000000000000000000000000000000
00000000000000000000000000000000
00000000000000000000000000000000
00000000000000000000000000000000
00000000000000000000000000000000
