00000000000111111111110000000000
00000000011111111111111110000000
00000000111100000001111111110000
00000001111000000000001111111100
00000011110000000000000001111110
00000111100000000000000000011111
00000111000000000000000000001111
00001110000000000000000000000111
00011110000000000000000000000111
00011100000000000000000000000111
00011100000000000000000000000111
00111100000000000000000000000111
00111000000000000000000000000111
01111000000000000000000000001111
01111000000000000000000000011111
01111000000000000000000000011100
01110000000000000000000000111100
01110000000000000000000000111000
01110000000000000000000001110000
01110000000000000000000011110000
01110000000000000000000111100000
01110000000000000000001111000000
01111000000000000000011110000000
00111000000000000000111100000000
00111000000000000011111000000000
00111100000000000111110000000000
00011110000000001111000000000000
00011111000000011110000000000000
00000111110011111000000000000000
00000011111111100000000000000000
00000000000000000000000000000000
00000000000000000000000000000000
