00000000000000000000000000000000
00000000000000000000000000000000
00000000000000000000000000000000
00000000000000000000000010000000
00000000000111111111111111100000
00000000011111111111011111110000
00000000111111100000000001111000
00000001111100000000000000111000
00000011111000000000000000111000
00000111100000000000000000011100
00001110000000000000000000011100
00011110000000000000000000011100
00011100000000000000000000011100
00111000000000000000000000011100
01111000000000000000000000011100
01110000000000000000000000011100
01110000000000000000000000011100
01110000000000000000000000011000
11110000000000000000000000111000
11110000000000000000000000111000
11110000000000000000000001111000
11110000000000000000000001110000
01110000000000000000001111110000
01110000000000000000111111100000
01111000000000000000111111100000
00111100000000000000111111100000
00011111000000000000111111100000
00000111110000000001111110000000
00000011111100000111110000000000
00000000111111111111000000000000
00000000001111111100000000000000
00000000000000000000000000000000
