00000000000000000000000000000000
00000000000000000000000000000000
00000000000000000011100000000000
00000000000000011111111100000000
00000000000001111110011111000000
00000000000111100000000111110000
00000000001110000000000001111000
00000000111000000000000000011100
00000001111000000000000000001110
00000011110000000000000000000111
00000111100000000000000000000011
00001110000000000000000000000011
00011100000000000000000000000011
00011100000000000000000000000001
00111000000000000000000000000001
00111000000000000000000000000001
00111000000000000000000000000001
00110000000000000000000000000011
00110000000000000000000000000011
00110000000000000000000000000111
00110000000000000000000000000111
00110000000000000000000000001110
00111000000000000000000000011100
00111000000000000000000000011100
00011000000000000000000000111000
00011100000000000000000011110000
00001100000000000000000111100000
00001110000000000000001111000000
00000111100000000000011110000000
00000001110000000001111000000000
00000000011111111111110000000000
00000000001111111110000000000000
