00000000000000000000000000000000
00000000000000000000000000000000
00000000000000000000000000000000
00000000000000000000000000000000
00000000000000000011100000000000
00000000000011111111111110000000
00000000001111111111011111100000
00000000011111111111000011110000
00000000111111111111000001110000
00000001110000111110000000111000
00000011100000000000000000111000
00000111000000000000000000111000
00000110000000000000000000111000
00001110000000000000000000110000
00011100000000000000000000110000
00011000000000000000000001110000
00011000000000000000000001100000
00111000000000000000000001100000
00110000000000000000000011100000
00110000000000000000000011000000
00110000000000000000000111000000
00110000000000000000001110000000
00110000000000000000001100000000
00110000000000000000011100000000
00111000000000000000111000000000
00111000000000000000110000000000
00011100000000000011110000000000
00001110000000000111100000000000
00000111110000011111000000000000
00000000111111111100000000000000
00000000000010000000000000000000
00000000000000000000000000000000
