00000000000000000000000000000000
00000000000000000000000000000000
00000111111111111111111000000000
00001111111000000001111110000000
00000011100000000000001111100000
00000011100000000000000011110000
00000111100000000000000001111000
00001111000000000000000000111100
00001110000000000000000000011100
00001110000000000000000000001110
00011110000000000000000000001110
00011100000000000000000000001111
00011100000000000000000000001111
00011100000000000000000000001111
00111000000000000000000000001111
00111000000000000000000000011100
00111000000000000000000000011100
00111000000000000000000000111100
00111000000000000000000001110000
00111000000000000000000011100000
00111000000000000000000111000000
00111000000000000000001110000000
00111000000000000000011100000000
00111000000000000000111100000000
00111100000000000001111000000000
00111100000000000011100000000000
00011110000000001111000000000000
00001110000000111100000000000000
00000111100011111000000000000000
00000001111111100000000000000000
00000000000000000000000000000000
00000000000000000000000000000000
