00000000000000000000000000000000
00000000110000111111111000000000
00000001111111111111111110000000
00000011111111000000001111000000
00000111111100000000000011100000
00001110000000000000000011100000
00001110000000000000000001110000
00011100000000000000000000111000
00011100000000000000000000111000
00111000000000000000000000111100
00110000000000000000000000011100
01110000000000000000000000011100
01110000000000000000000000001100
01110000000000000000000000001110
01110000000000000000000000001110
01110000000000000000000000001110
01110000000000000000000000001110
01110000000000000000000000001100
01110000000000000000000000001100
01110000000000000000000000011100
01110000000000000000000000011000
00111000000000000000000000111000
00111000000000000000000000111000
00011100000000000000000000110000
00011100000000000000000001110000
00001110000000000000000011100000
00000111000000000000000011100000
00000011100000000000000111000000
00000001111000000000011111000000
00000000111100000000111100000000
00000000011111111111110000000000
00000000000111111111000000000000
