00000000000000000000000000000000
00000000000000000000011111000000
00000000000001111111111111111000
00000000001111110011111101111000
00000000111110000000011100011100
00000011110000000000000000011110
00000111000000000000000000001110
00001110000000000000000000000111
00011100000000000000000000000111
00111000000000000000000000000111
01110000000000000000000000000111
01100000000000000000000000000111
11100000000000000000000000000111
11100000000000000000000000000111
11000000000000000000000000001110
11000000000000000000000000001100
11000000000000000000000000011100
11000000000000000000000000011100
11000000000000000000000000111000
11000000000000000000000001110000
11000000000000000000000011100000
11100000000000000000000011100000
11100000000000000000000111000000
01110000000000000000001110000000
00111000000000000000011100000000
00111100000000000000111000000000
00011110000000000001110000000000
00001111100000000111100000000000
00000011111111111100000000000000
00000000000000000000000000000000
00000000000000000000000000000000
00000000000000000000000000000000
