00000000000000000000000000000000
00000000000000000000000000000000
00000000000000000000000000000000
00000000000000000000000000000000
00000000000000001110000000000000
00000000000000001111000000000000
00000000000000000111100000000000
00000000001110000011100000000000
00000000011110000001110000000000
00000000011110000000110000000000
00000000011100000000111000000000
00000000011100000000111000000000
00000000011000000000011000000000
00000000111000000000011000000000
00000000110000000000011000000000
00000001110000000000011100000000
00000001100000000000011100000000
00000001100000000000011000000000
00000001100000000000011000000000
00000001100000000000111000000000
00000001100000000001111000000000
00000001100000000001110000000000
00000001100000000111100000000000
00000001110000000111000000000000
00000001111000011110000000000000
00000001111111111110000000000000
00000000111111111000000000000000
00000000011111110000000000000000
00000000001111100000000000000000
00000000000000000000000000000000
00000000000000000000000000000000
00000000000000000000000000000000
