00000000000000000000000000000000
00000000000000000000000000000000
00000000000000000000000000000000
00000000000000000000000000000000
00000000000000000000011100000000
00000000001111100001111110000000
00000000111111111111111111100000
00000011111111111111111111110000
00000011111111111100000001111000
00000111100111100000000001111000
00001111000000000000000000111100
00001110000000000000000000011100
00001110000000000000000000011100
00011100000000000000000000111100
00011100000000000000000000111000
00111100000000000000000001111000
00111100000000000000000001111000
00111000000000000000000011110000
00111000000000000000000111100000
00110000000000000000001111000000
00110000000000000000011110000000
00110000000000000000111100000000
00110000000000000011111000000000
00110000000000000111110000000000
00110000000000011111000000000000
00111000000000111110000000000000
00111110000111111100000000000000
00111111111111111000000000000000
00011111111111100000000000000000
00000111111100000000000000000000
00000001000000000000000000000000
00000000000000000000000000000000
