00000000000000000000000000000000
00000000000000000000000000000000
00000000000000000000000000000000
00000000000000000000000000000000
00000000000000000111111100000000
00000000000000001111111110000000
00000000000001111000001111000000
00000000000011110000000011100000
00000000000111100000000001110000
00000000000111100000000000110000
00000000001110000000000000110000
00000000011100000000000000011000
00000000011000000000000000011000
00000000011000000000000000010000
00000000111000000000000000110000
00000000110000000000000000110000
00000000110000000000000001100000
00000000100000000000000011000000
00000001100000000000000011000000
00000001100000000000001111000000
00000001100000000000001110000000
00000001100000000000111100000000
00000001100000000001111000000000
00000001100000000011110000000000
00000000110000000111100000000000
00000000111111111111000000000000
00000000011111111110000000000000
00000000001111110000000000000000
00000000000111000000000000000000
00000000000000000000000000000000
00000000000000000000000000000000
00000000000000000000000000000000
