00000000000000000000000000000000
00000000000000001111100000000000
00000000000111100000011110000000
00000000011000000010000001100000
00000011100111111111111110010000
00001100011111111111111111101000
00110011111111000000000111110100
01001111110000111111111000111010
10111111000111000000000111011101
01111000111000000000000000101110
11110111000000000000000000010111
11011000000000000000000000011111
11110000000000000000000000001011
11010110000000000000000000001111
11011000000000000000000000001011
10100110100000000000000000001011
10111111000000000000000000001011
11111000000000000000000000001111
11110100000000000000000000001011
11110000000000000000000000010111
11111111000000000000000000101110
11011101000000000000000001011101
11100000000000000000000010111011
01110100000000000000000101111110
10111010000000000000001011110100
01011101100000000000110111001000
00101110011000000001101110110000
00010111100100000110111101000000
00001011111001111001111010000000
00000100111100000111110100000000
00000011001111111111001000000000
00000000100111111100110000000000
