00000000000000000000000000000000
00000000000000000000000000000000
00000000000000000000000000000000
00000000000000000000000000000000
00000000000000000111111110000000
00000000000000000000000111000000
00000000000000000000000011100000
00000000000000000000000000110000
00000000000000000000000000110000
00000000000000000000000000010000
00000001100000000000000000001000
00000011100000000000000000001100
00000011000000000000000000001100
00000011000000000000000000001100
00000010000000000000000000001100
00000010000000000000000000001100
00000110000000000000000000011000
00000110000000000000000000010000
00000110000000000000000000110000
00000110000000000000000000100000
00000110000000000000000001000000
00000110000000000000000010000000
00000110000000000000001110000000
00000011000000000000001100000000
00000011000000000000111000000000
00000011100000000001110000000000
00000001111100011111000000000000
00000000111111111110000000000000
00000000001111111000000000000000
00000000000000000000000000000000
00000000000000000000000000000000
00000000000000000000000000000000
