00000000000000000000000000000000
00000000000000000000000000000000
00000000000000000000000000000000
00000000000000000000000000000000
00000000000000000000000000000000
00000000000000000000000000000000
00000000000011000000000000000000
00000000001111100000000000000000
00000000001111110000000000000000
00000000001111111000000000000000
00000000011111111111111100000000
00000000011111111111111110000000
00000000111111111100011111000000
00000000111111110000001111000000
00000001111100000000000111100000
00000001111100000000000111100000
00000001111000000000000111100000
00000001111000000000001111000000
00000001111000000000011111000000
00000001111000000000111110000000
00000001111100000000111100000000
00000001111100000011111000000000
00000001111100000111110000000000
00000000111111111111100000000000
00000000111111111110000000000000
00000000011111111110000000000000
00000000000111111000000000000000
00000000000000000000000000000000
00000000000000000000000000000000
00000000000000000000000000000000
00000000000000000000000000000000
00000000000000000000000000000000
