00000000000000000000000000000000
00000000000000000000000000000000
00000000000000000000000000000000
00000000000000000000000000000000
00000000000000000001100000000000
00000000000000000111111000000000
00000000000000000001111100000000
00000000011110000000111110000000
00000000111110000000001110000000
00000000111110000000001111000000
00000001111100000000000111100000
00000001111000000000000011100000
00000001111000000000000001110000
00000011110000000000000001110000
00000011110000000000000001110000
00000111100000000000000001110000
00000111000000000000000001110000
00001111000000000000000001110000
00001111000000000000000011110000
00001111000000000000000111110000
00001111000000000000001111100000
00001111000000000000011110000000
00001111000000000001111100000000
00000111100000000011111000000000
00000111111001111111110000000000
00000111111111111111100000000000
00000001111111111110000000000000
00000000111111110000000000000000
00000000000110000000000000000000
00000000000000000000000000000000
00000000000000000000000000000000
00000000000000000000000000000000
