00000000000000000000000000000000
00000000000000000000000000000000
00000000000000000000000000000000
00000000000000000000000000000000
00000000000000000000000000000000
00000000001110000000000000000000
00000000011111000000000000000000
00000000111111110000000000000000
00000000111111111000000000000000
00000001111111111111111110000000
00000001111111111111111111000000
00000011111111111111111111100000
00000011111111111100001111110000
00000111111111110000000111111000
00000111111000000000000011111000
00000111110000000000000011111000
00000111110000000000000011111000
00001111100000000000000011111000
00001111100000000000000111110000
00001111100000000000001111110000
00001111100000000000011111100000
00000111110000000000111111000000
00000111111000000011111100000000
00000111111000000111111000000000
00000111111111111111110000000000
00000011111111111111000000000000
00000011111111111111000000000000
00000000111111111110000000000000
00000000001111110000000000000000
00000000000000000000000000000000
00000000000000000000000000000000
00000000000000000000000000000000
