00000000000000000000000000000000
00000000000000000000000000000000
00000000000000000000000000000000
00000000000000000000000000000000
00000000000000000000000000000000
00000000000000000000011110000000
00000000000111111101111111100000
00000000011111111111111111110000
00000000011111111111110111111000
00000000111111111100000000111100
00000001111000000000000000111100
00000001110000000000000000011100
00000001100000000000000000011100
00000011100000000000000000011100
00000011100000000000000000011100
00000111100000000000000000111100
00000111000000000000000000111000
00000111000000000000000001110000
00000110000000000000000011100000
00000110000000000000000111000000
00000110000000000000001111000000
00000110000000000000111100000000
00000110000000000001111000000000
00000110000000000011110000000000
00000110000000001111100000000000
00000111100000011111000000000000
00000111111111111100000000000000
00000011111111111000000000000000
00000000111111000000000000000000
00000000001000000000000000000000
00000000000000000000000000000000
00000000000000000000000000000000
