00000000000000000000000000000000
00000000000001111000000000000000
00000000000000000111100000000000
00000000000101111000010000000000
00000000001011111111101100000000
00000000010111111111110010000000
00000000111111111111111111000000
00000001111111100000011111000000
00000001011111101111101110100000
00000001011101000000111110100000
00000010111110000000101110100000
00000111111010000000111110100000
00000101110100000000101110100000
00000111110100000001111110100000
00001111111100000001011110100000
00001011101000000001111111000000
00011111101000000001011101000000
00010111111000000011111110000000
00010111010000000010111010000000
00011111010000000101111110000000
00111110100000001011110100000000
00101111100000011111111100000000
00111111100000010111101000000000
00010110100000101111110000000000
00011111111111011110100000000000
00010111000001111111100000000000
00011111111111111111000000000000
00001011111111111010000000000000
00000100011111101100000000000000
00000011000000000000000000000000
00000000011111100000000000000000
00000000000000000000000000000000
