00000000000000000000000000000000
00000000000000000000000000000000
00000000000000001100000000000000
00000000000001110000000000000000
00000000000000001101000000000000
00000000000111111101000000000000
00000000000101111111000000000000
00000000001111110100000000000000
00000000010111111010000000000000
00000000111111111101000000000000
00000000101110011111100000000000
00000001011111101111100000000000
00000001011101111111000000000000
00000011111111010111000000000000
00000010111111010111000000000000
00000111111010111111100000000000
00000101111100101110100000000000
00000101110100111110100000000000
00001011110101011110100000000000
00001011101001011111100000000000
00001111111011111101000000000000
00010111101110111110000000000000
00010111111001111110000000000000
00010111000111110100000000000000
00011111111111101000000000000000
00001011111110010000000000000000
00000000111001100000000000000000
00000011000110000000000000000000
00000000111000000000000000000000
00000000000000000000000000000000
00000000000000000000000000000000
00000000000000000000000000000000
