00000000000001111100000000000000
00000000000100000011000000000000
00000000000001111100010000000000
00000000011111111111100000000000
00000000011111111111111100000000
00000000010111100011111010000000
00000000101111111110111111000000
00000001111111101011111111000000
00000001011110000001111111100000
00000011111101100001011101000000
00000111111010000001011101000000
00000101111110000001011101000000
00001111110100000011111101000000
00001011111100000011111111000000
00011111101000000010111010000000
00010111010000000111111110000000
00101111110000000111111110000000
00111111110000000101110100000000
00101110100000001011101000000000
01111111100000010111111000000000
01011111100000111111010000000000
01011101000001001111110000000000
01011111000011111111100000000000
00011111001100111101000000000000
01011101110011111111000000000000
01011110001111110010000000000000
01111111111111101100000000000000
00101111111111110000000000000000
00010011111110100000000000000000
00001101000001000000000000000000
00000010011110000000000000000000
00000000000000000000000000000000
