00000000000001111111100000000000
00000000000010000000010000000000
00000000000101111111111100000000
00000000001011111111110100000000
00000000011111111111111110000000
00000000010111111000111110000000
00000000111111000111011101000000
00000000101110111001111101000000
00000000101111100000111101000000
00000001111110100000101101000000
00000001011101000001011101000000
00000001011101000001011101000000
00000001011101000001011101000000
00000001111010000001111101000000
00000010111110000001011111000000
00000010111010000011111010000000
00000010111010000011111010000000
00000010111010000010111110000000
00000010111010000111110100000000
00000010111010000101110100000000
00000010111110001111111000000000
00000011111010001011101000000000
00000001011101110111010000000000
00000001111110001111110000000000
00000000111111111111100000000000
00000000010111111101000000000000
00000000011011111010000000000000
00000000000000000100000000000000
00000000000011111000000000000000
00000000000000000000000000000000
00000000000000000000000000000000
00000000000000000000000000000000
