00000000000000000000000000000000
00000000000001111100000000000000
00000000000010000010000000000000
00000000000101111101100000000000
00000000001111111110010000000000
00000000011111111111101000000000
00000000111111000011111000000000
00000000101110111101110100000000
00000001111101000111110100000000
00000001011111000111110100000000
00000011111111000101110100000000
00000010111010001111111000000000
00000111111110001011101000000000
00000101110100001111101000000000
00001111111100011111111000000000
00001011101000010111010000000000
00001011111000111111110000000000
00010111010000101110100000000000
00010111110001011101000000000000
00111111000011111101000000000000
00101110100010111110000000000000
00101110100101111010000000000000
00101111111011110100000000000000
00101100110111111100000000000000
00101111011111001000000000000000
00111111111110110000000000000000
00010111111101000000000000000000
00001101100010000000000000000000
00000010011100000000000000000000
00000001100000000000000000000000
00000000000000000000000000000000
00000000000000000000000000000000
