00000000000000001111000000000000
00000000000000010000110000000000
00000000000000101111001000000000
00000000000000011111110100000000
00000000000010111111111010000000
00000000000011111100111101000000
00000000000010111111011110100000
00000000000111111100101110100000
00000000000101111010111111010000
00000000000111110100101111100000
00000000001011111000101110100000
00000000011111101000100110100000
00000000010111111000101110100000
00000000010111010000111110100000
00000000111111100000101111100000
00000000101110100001111111000000
00000001111110100001011101000000
00000001011111100011111110000000
00000001011101000010111010000000
00000001011111000111111110000000
00000001011101000101110100000000
00000001011010001111110100000000
00000011111110011011111000000000
00000010111110110111011000000000
00000011111000001111110000000000
00000001111111111110100000000000
00000011111111111111100000000000
00000000011111111001000000000000
00000000110011110110000000000000
00000000001100001000000000000000
00000000000011110000000000000000
00000000000000000000000000000000
