00000000001100000000000000000000
00000000110011100000000000000000
00000000001100010000000000000000
00000011111111101000000000000000
00000111111111110100000000000000
00000101111111111010000000000000
00000111111000111111000000000000
00001011101111011111100000000000
00011111111000101110100000000000
00010111010000010111010000000000
00111111110000011111110000000000
01011110100000011111101000000000
01011110100000001011101000000000
01011111100000001111101000000000
11111101000000011111111000000000
10111111000000010111010000000000
11111010000000011111010000000000
10111110000000111111100000000000
11111010000000111110100000000000
01111010000001011111100000000000
01111010000001111101000000000000
01111010000010111111000000000000
11110010000111111010000000000000
10111011001001110100000000000000
11111100110111111100000000000000
01011111001111101000000000000000
01111111111111010000000000000000
00000111111111100000000000000000
00011001111001000000000000000000
00000110000110000000000000000000
00000001111000000000000000000000
00000000000000000000000000000000
