00000000000101111100000000000000
00000000001010000011000000000000
00000000010111111100100000000000
00000000101111111111010000000000
00000001011111111111101000000000
00000011111111100011110100000000
00000011111100011101110100000000
00000010111011100111110100000000
00000111111110000101110100000000
00000101110100000101110100000000
00000111111100000111100000000000
00001011111100001011111000000000
00001011101000001111101000000000
00011111111000001011111000000000
00010111000000011111010000000000
00010111110000010111110000000000
00010111010000111111110000000000
00010111010000101110100000000000
00000111010001111111100000000000
00101111100001111101000000000000
00101110100011111010000000000000
00101110100111111110000000000000
00000110101101110100000000000000
00001111111011111100000000000000
00010111001111101000000000000000
00011111111111010000000000000000
00001011111110100000000000000000
00000100111001000000000000000000
00000011000110000000000000000000
00000000111000000000000000000000
00000000000000000000000000000000
00000000000000000000000000000000
