00000000000000000000000000000000
00000000000000000000000000000000
00000000000000000000000000000000
00000000000000000000000000000000
00000000000000000000000000000000
00000000000000000000000000000000
00000000000000000000000000000000
00000000000000000000000000000000
00000000000000000000000000000000
00001111111111000000000000000000
00010000000000111100000000000000
01101111111111000011100000000000
10011111111111111100011000000000
01111000000001111111100110000000
11110111111100000111111001100000
11101000000001111000111110011000
11010000000000000111000111100100
11000000000000000000110001111010
11111110000000000000000110111111
01111001000000000000000001011101
10011110110000000000000000101110
01100111001110000000000000111110
00011011110001111000000000110110
00000101111110000011111111001110
00000010011111111000000000111111
00000001100011111111111111111010
00000000011100001111111111100100
00000000000011100000001100001000
00000000000000011111100011110000
00000000000000000000001100000000
00000000000000000000000000000000
00000000000000000000000000000000
