00000000000000000000000000000000
00000000000000011111000000000000
00000000000000000000100000000000
00000000000000111111011000000000
00000000000010111111110100000000
00000000000011111111111010000000
00000000000101111111111111000000
00000000001111110011111101000000
00000000001011101101101101000000
00000000011111111000111111100000
00000000010111010000101111000000
00000000111111110000111111100000
00000000101110000000101110100000
00000001111111100001111111100000
00000001011111100001011101000000
00000001011101000001011111000000
00000001111111000001111101000000
00000010111110000011111110000000
00000010111010000010111010000000
00000010111010000111111110000000
00000011111110000001110100000000
00000010110100001011111100000000
00000111111100110111111000000000
00000101110111001111010000000000
00000011111000111111110000000000
00000010111111111110100000000000
00000001011111111011000000000000
00000000100111110110000000000000
00000000011000001000000000000000
00000000000111110000000000000000
00000000000000000000000000000000
00000000000000000000000000000000
