00000000000000000000000000000000
00000000000000000000000000000000
00000000000000000000000000000000
00000000000000110000000000000000
00000000000111001110000000000000
00000000000000110001000000000000
00000000011111111110100000000000
00000000101111111111010000000000
00000000111111111111111000000000
00000000111111011011111000000000
00000000101110100101110100000000
00000001011111100101111100000000
00000001011111001111101000000000
00000001111101001011101000000000
00000001011101001011101000000000
00000010111110001111111000000000
00000010111010010111010000000000
00000010111010010111110000000000
00000010111010111110100000000000
00000010111010101110100000000000
00000010111011101111100000000000
00000010111111011101000000000000
00000010111000111010000000000000
00000001111111111110000000000000
00000001011111111100000000000000
00000000000000001000000000000000
00000000011111110000000000000000
00000000000000000000000000000000
00000000000000000000000000000000
00000000000000000000000000000000
00000000000000000000000000000000
00000000000000000000000000000000
