00000000000000000000000000000000
00000000000000000000000000000000
00000000000000000000000000000000
00000000000000000111100000000000
00000000000000111111111000000000
00000000000011110000011100000000
00000000001111100000000110000000
00000000011110000000000110000000
00000000111000000000000011000000
00000001111000000000000001000000
00000011110000000000000001000000
00000111000000000000000001100000
00000111000000000000000001100000
00001110000000000000000001100000
00001110000000000000000001100000
00001100000000000000000001000000
00001100000000000000000001000000
00001100000000000000000011000000
00001100000000000000000011000000
00001110000000000000000011000000
00000110000000000000000110000000
00000111000000000000001110000000
00000011100000000000011100000000
00000001110000000000111000000000
00000000111110000011110000000000
00000000001111111111000000000000
00000000000000011000000000000000
00000000000000000000000000000000
00000000000000000000000000000000
00000000000000000000000000000000
00000000000000000000000000000000
00000000000000000000000000000000
