00000000000000011111100000000000
00000000000001111111110000000000
00000000000111100000011000000000
00000000001110000000001100000000
00000000011100000000000100000000
00000000111000000000000110000000
00000001110000000000000110000000
00000011110000000000000110000000
00000011110000000000000110000000
00000111110000000000000010000000
00000111100000000000000010000000
00001111100000000000000010000000
00001111000000000000000010000000
00000111000000000000000010000000
00000110000000000000000110000000
00000110000000000000000110000000
00001110000000000000000110000000
00001110000000000000000110000000
00001110000000000000001100000000
00001110000000000000001100000000
00000110000000000000011000000000
00000110000000000000011000000000
00000110000000000000110000000000
00000111000000000001110000000000
00000011000000000011100000000000
00000011100000001111000000000000
00000001111000011110000000000000
00000000111111111000000000000000
00000000001111100000000000000000
00000000000000000000000000000000
00000000000000000000000000000000
00000000000000000000000000000000
