00000000000000000000000000000000
00000000000000000000000000000000
00000000000000001111000000000000
00000000000001111111111000000000
00000000000011110000111100000000
00000000000111100000001100000000
00000000001111000000000110000000
00000000011100000000000110000000
00000000111110000000000110000000
00000000111110000000000110000000
00000001111110000000000110000000
00000001111100000000000110000000
00000011111100000000000110000000
00000011111000000000000110000000
00000011111000000000000110000000
00000011110000000000000110000000
00000011110000000000000110000000
00000001110000000000000110000000
00000001100000000000000110000000
00000001100000000000000100000000
00000001100000000000001100000000
00000001100000000000001100000000
00000001100000000000011100000000
00000001100000000000111000000000
00000001100000000000110000000000
00000001110000000001110000000000
00000001110000000111100000000000
00000000111000001111000000000000
00000000111111111100000000000000
00000000001111110000000000000000
00000000000000000000000000000000
00000000000000000000000000000000
