00000000000000111111111111111111
00000000000011111111111111111111
00000000111100001111111111111111
00011111000011111111111111111111
00011000111111111111111111111111
01100111111110011111111111111111
00011111100001111111111111111111
11111100011111111111111111111111
11100011100000111111111111111111
11011000000000111111111111111111
11101000001100111111111111111111
11101000000001111111111111111111
11111000000001111111111111111111
11100000000000111111111111111111
11111110000000011111111111111111
01111010000001011111111111111111
10011101110001001111111111111111
01101110001111111111111111111111
00010111110000011111111111111111
00001001111111100011111111111111
00000110011111111111111111111111
00001101100001111111111111111111
00000000011110000111111111111111
00000000000000111111111111111111
00001100000000000111111111111111
00001100000000000011111111111111
00000100000000000011111111111111
00000010000000000111111111111111
00000100000000000001111111111111
00000000000000000000111111111111
00000000000000000000111111111111
00000000000000000000011111111111
