00000000000000000000000000000000
00000000000000000000000000000000
00000000000000000000000000000000
00000000000000000111111100000000
00000000000000111111111110000000
00000000000001111000000011000000
00000000000111110000000001100000
00000000001111000000000001100000
00000000011100000000000001110000
00000000111000000000000000110000
00000001110000000000000000110000
00000011110000000000000000110000
00000011110000000000000000110000
00000111100000000000000000110000
00000111000000000000000000110000
00000111000000000000000001100000
00000111000000000000000001100000
00000110000000000000000001100000
00000111000000000000000011100000
00000111000000000000000011000000
00000111000000000000000111000000
00000011100000000000000110000000
00000001110000000000001110000000
00000000111000000000111100000000
00000000011110000011111000000000
00000000001111111111100000000000
00000000000011111110000000000000
00000000000000000000000000000000
00000000000000000000000000000000
00000000000000000000000000000000
00000000000000000000000000000000
00000000000000000000000000000000
