00000000000000000000000000000000
00000000000000000000000000000000
00000000000000000011100000000000
00000000000000001111110000000000
00000000000000111100110000000000
00000000000001110000011000000000
00000000011011100000011000000000
00000000110111000000011000000000
00000001111110000000001000000000
00000001111100000000001000000000
00000011111000000000001000000000
00000011111000000000011000000000
00000011000000000000011000000000
00000011000000000000011000000000
00000011000000000000011000000000
00000111000000000000010000000000
00000111000000000000010000000000
00000110000000000000010000000000
00000110000000000000110000000000
00000011000000000000110000000000
00000011000000000001100000000000
00000011000000000001100000000000
00000011100000000111000000000000
00000011100000001110000000000000
00000001111000011100000000000000
00000000111111111000000000000000
00000000001111100000000000000000
00000000000000000000000000000000
00000000000000000000000000000000
00000000000000000000000000000000
00000000000000000000000000000000
00000000000000000000000000000000
