00000000000000000000000000000000
00000000000000000000000000000000
00000000000000000000000000000000
00000000000000000000000000000000
00000000000000011100000000000000
00000000000011111111111000000000
00000000011111100000011110000000
00000000111110000000001111000000
00000001111000000000000011100000
00000011111100000000000001100000
00000111111100000000000001110000
00001111110000000000000001110000
00001111100000000000000000110000
00001111100000000000000000110000
00001111100000000000000000110000
00000111100000000000000001110000
00000011100000000000000001110000
00000011100000000000000001100000
00000011100000000000000001100000
00000011110000000000000011100000
00000001110000000000000011000000
00000000111000000000000111000000
00000000111100000000001110000000
00000000011111000000011100000000
00000000000111110011111000000000
00000000000001111111100000000000
00000000000000000000000000000000
00000000000000000000000000000000
00000000000000000000000000000000
00000000000000000000000000000000
00000000000000000000000000000000
00000000000000000000000000000000
