00000000000000000000000000000000
00000000000000000000000000000000
00000000000000000000000000000000
00000000000000000000000000000000
00000000000000000000000000000000
00000000000000001111111110000000
00000000000001111111101111100000
00000000000011111000000001110000
00000000001111000000000000110000
00000000111100000000000000011000
00000011111000000000000000011000
00000111111000000000000000011100
00000111110000000000000000001100
00001111110000000000000000001100
00000001110000000000000000001100
00000001100000000000000000011000
00000001100000000000000000011000
00000001100000000000000000011000
00000001100000000000000000011000
00000001100000000000000000111000
00000001110000000000000000110000
00000001110000000000000001110000
00000000111000000000000011100000
00000000011000000000000111100000
00000000011100000000001111000000
00000000001110000000111100000000
00000000000011111111111000000000
00000000000001111111100000000000
00000000000000000000000000000000
00000000000000000000000000000000
00000000000000000000000000000000
00000000000000000000000000000000
