00000000000000000000000000000000
00000000000000000000000000000000
00000000000001110000000000000000
00000000000001111100000000000000
00000000000011111100000000000000
00000000000011111110000000000000
00000000001111011110000000000000
00000000001110001111000000000000
00000000011000000111000000000000
00000000011000000111000000000000
00000000011000000011100000000000
00000000011000000011100000000000
00000000011000000011100000000000
00000000111000000011100000000000
00000000111000000011100000000000
00000000111000000001100000000000
00000000111000000001100000000000
00000000111000000001100000000000
00000000111000000011100000000000
00000001111000000011100000000000
00000001110000000011100000000000
00000000110000000011100000000000
00000000111000000011000000000000
00000000111000000111000000000000
00000000111000000111000000000000
00000000111000001110000000000000
00000000111000001110000000000000
00000000111100011110000000000000
00000000111110111100000000000000
00000000111111111100000000000000
00000000011111111000000000000000
00000000011111110000000000000000
