00000000000000000000000000000000
00000000000000000000000000000000
00000000000000000000000000000000
00000000000011111110000000000000
00000000000111111111100000000000
00000000001111111111111000000000
00000000001111111111111100000000
00000000011110000001111100000000
00000000011110000000111110000000
00000000011100000000011100000000
00000000011100000000011100000000
00000000011100000000011100000000
00000000011100000000011100000000
00000000011100000000111000000000
00000000111000000000111000000000
00000000111000000000110000000000
00000000111000000001110000000000
00000000111000000001110000000000
00000000111000000011110000000000
00000001110000000011100000000000
00000001110000000111100000000000
00000001111000000111000000000000
00000001110000001111000000000000
00000001110000001111000000000000
00000001110000011110000000000000
00000001110000011110000000000000
00000001110000111100000000000000
00000001111001111100000000000000
00000001111111111000000000000000
00000001111111110000000000000000
00000000111111110000000000000000
00000000111111100000000000000000
