00000000000000000000000000000000
00000000000000000000000000000000
00000000000000000000000000000000
00000000000001111110000000000000
00000000000011111111100000000000
00000000000111100111110000000000
00000000000111000001111000000000
00000000000110000000111000000000
00000000000110000000011000000000
00000000000110000000001000000000
00000000000110000000001000000000
00000000000110000000001000000000
00000000000100000000011000000000
00000000000100000000011000000000
00000000000100000000011000000000
00000000000100000000010000000000
00000000001100000000010000000000
00000000001100000000110000000000
00000000001100000000110000000000
00000000001100000000100000000000
00000000001100000001100000000000
00000000001100000001100000000000
00000000001100000011100000000000
00000000001100000011000000000000
00000000001100000111000000000000
00000000001100000110000000000000
00000000001110001110000000000000
00000000000111111100000000000000
00000000000111111100000000000000
00000000000011111000000000000000
00000000000000000000000000000000
00000000000000000000000000000000
