00000000000000000000000000000000
00000000000000000000000000000000
00000000000000000000000000000000
00001111111111000000000000000000
00110000000000111100000000000000
01001111111111000011100000000000
10111111111111111100011000000000
01111000000001111111100110000000
11100111111110000111111000100000
10011000000000111000111110011000
10100000000000110011000111100100
11010000000000000000111001111010
11101000000000000000000110011101
01110100000000000000000001101110
11111011000000000000000000010111
11111100111000000000000000001011
10111111000011111000000000111101
01001111111100000111111111000011
00110001111111111000000000111111
00001110000111111111111111111110
00000001111000001111111111100001
00000000000111100000000000011110
00000000000000001111111111100000
00000000000000000000000000000000
00000000000000000000000000000000
00000000000000000000000000000000
00000000000000000000000000000000
00000000000000000000000000000000
00000000000000000000000000000000
00000000000000000000000000000000
00000000000000000000000000000000
00000000000000000000000000000000
