00000000000011111111000000000000
00000000000111111111100000000000
00000000000111111111110000000000
00000000000111000001111000000000
00000000000111000000111100000000
00000000000111000000011100000000
00000000000111000000011100000000
00000000001111000000011100000000
00000000001110000000011100000000
00000000011100000000011100000000
00000000011100000000011100000000
00000000011100000000011100000000
00000000011000000000011100000000
00000000111000000000011000000000
00000000111000000000111000000000
00000000111000000000111000000000
00000000110000000000111000000000
00000001110000000001111000000000
00000001110000000001110000000000
00000001110000000001110000000000
00000001110000000011110000000000
00000001110000000011100000000000
00000001110000000111100000000000
00000001110000000111000000000000
00000001110000001111000000000000
00000001110000001110000000000000
00000001110000011110000000000000
00000001110000111100000000000000
00000001111001111000000000000000
00000000111111110000000000000000
00000000111111110000000000000000
00000000111111100000000000000000
