00000000000000000000000000000000
00000000000000111000000000000000
00000000000011111110000000000000
00000000000111111111000000000000
00000000000111111111100000000000
00000000001111111111110000000000
00000000001111100011110000000000
00000000001111100001111000000000
00000000001111100000111100000000
00000000001111000000111100000000
00000000000111000000111100000000
00000000000111000000011100000000
00000000001110000000011100000000
00000000001110000000111100000000
00000000001110000000111000000000
00000000001100000000111000000000
00000000001100000000111000000000
00000000011100000000111000000000
00000000011100000001111000000000
00000000011100000001110000000000
00000000011100000011110000000000
00000000011100000111100000000000
00000000011000000111100000000000
00000000011100001111000000000000
00000000011000011111000000000000
00000000011100111110000000000000
00000000111111111100000000000000
00000000011111111100000000000000
00000000011111111000000000000000
00000000011111100000000000000000
00000000000111000000000000000000
00000000000000000000000000000000
