00000000000000111111100000000000
00000000000001111111110000000000
00000000000001111111111000000000
00000000000011110001111000000000
00000000000011100000111100000000
00000000000111100000011100000000
00000000000111000000011000000000
00000000000111000000011000000000
00000000000111000000011000000000
00000000000111000000011000000000
00000000000110000000011000000000
00000000001110000000011000000000
00000000001110000000011000000000
00000000001110000000011000000000
00000000001100000000111000000000
00000000001100000000111000000000
00000000001100000000111000000000
00000000001100000000111000000000
00000000001100000000110000000000
00000000001100000000110000000000
00000000001100000001110000000000
00000000001100000001110000000000
00000000011100000001100000000000
00000000001100000011100000000000
00000000001100000111100000000000
00000000001100001111100000000000
00000000001110001111000000000000
00000000001110011111000000000000
00000000001111111110000000000000
00000000001111111100000000000000
00000000001111111000000000000000
00000000000111110000000000000000
