00000000000000000000000000000000
00000000000000011000000000000000
00000000000000111100000000000000
00000000000001111100000000000000
00000000000011111110000000000000
00000000000111111111000000000000
00000000000111100111000000000000
00000000001111000011100000000000
00000000001111000001100000000000
00000000001110000001110000000000
00000000001110000000110000000000
00000000011100000000110000000000
00000000011100000001110000000000
00000000011100000001110000000000
00000000011100000001110000000000
00000000111100000001110000000000
00000000111100000001100000000000
00000000111100000011100000000000
00000000011100000011100000000000
00000000111100000111000000000000
00000000011100000111000000000000
00000000011100001111000000000000
00000000011100001110000000000000
00000000011100011110000000000000
00000000111000011100000000000000
00000000111000111100000000000000
00000000111111111000000000000000
00000000111111110000000000000000
00000000111111100000000000000000
00000000111111000000000000000000
00000000111100000000000000000000
00000000011000000000000000000000
