00000000000000000000000000000000
00000000000000000000000000000000
00000000000000000000000000000000
00000000000001000000000000000000
00000000000011000000000000000000
00000000000011000000000000000000
00000000000011110000000000000000
00000000000111111000000000000000
00000000000111111100000000000000
00000000000110001110000000000000
00000000000110001111000000000000
00000000000110000111000000000000
00000000000110000011000000000000
00000000000100000011100000000000
00000000000100000001100000000000
00000000000100000001100000000000
00000000000100000001100000000000
00000000000100000001100000000000
00000000001100000001100000000000
00000000001100000011000000000000
00000000001100000011000000000000
00000000001100000111000000000000
00000000001100000110000000000000
00000000001100001110000000000000
00000000001100011100000000000000
00000000001100011000000000000000
00000000001110111000000000000000
00000000000111110000000000000000
00000000000111110000000000000000
00000000000011100000000000000000
00000000000000000000000000000000
00000000000000000000000000000000
