00000000000000000000000000000000
00000000000000001110000000000000
00000000000000111111000000000000
00000000000011100011100000000000
00000000000011100000110000000000
00000000000111000000110000000000
00000000000111000000110000000000
00000000001110000000010000000000
00000000001110000000011000000000
00000000011110000000011000000000
00000000011100000000011000000000
00000000011100000000011000000000
00000000011100000000011000000000
00000000011100000000011000000000
00000000011000000000011000000000
00000000011000000000011000000000
00000000011000000000011000000000
00000000011000000000011000000000
00000000011000000000011000000000
00000000010000000000010000000000
00000000010000000000110000000000
00000000010000000000110000000000
00000000110000000001100000000000
00000000110000000001100000000000
00000000110000000011000000000000
00000000010000000111000000000000
00000000010000001110000000000000
00000000011000011100000000000000
00000000011101111000000000000000
00000000011111110000000000000000
00000000001111000000000000000000
00000000000000000000000000000000
