00000110001111100011110000000000
00001001111111111100001000000000
00010111111111111111110110000000
00111111111111111111111000000000
00111111111100011111111111100000
00101111111011100111111111010000
01111111110100011011111111101000
01011111111100000100111111111100
01011111101000000011001111111110
01111111111000000000110111111010
01111111010000000000001011111111
10111111110000000000001111111111
10111111010000000000001111111111
11111111010000000000000000111110
01111111010000000000000011111110
11111111010000000000000011111110
11111111010000000000000010111110
10111111010000000000000111111111
11111111010000000000000101111111
01011111110000000000000111111110
01011111010000000000011111111110
01011111101000000000000111111110
01011111111000000000001111111111
01111111111100000000011111111101
00101111110110000000010111111111
00010111111011100011001111111110
00001011111110011100111111111010
00000101111111100011111111110100
00000010111111111111111111111100
00000101111111111111111111111100
00000000100111111111111110010000
00000000011000011111111111100000
