00000000110001110111001100000000
00000000001111111111010010000000
00000011111111111111111100000000
00000011111111111111111111100000
00000101111111111111111111000000
00001011111100011111111111110000
00001011111111010000111111111100
00000011111111111111011111110000
00000111111111101000101111111110
00000011111111101000011111111101
00010111111111111000001011111111
00011111111100000000000101111110
00010111111011100000000111111111
00011111111100000000000101111111
00101111110100000000000111111111
00111111110100000000000011111111
01111111111100000000000111111111
01011111101000000000000010111111
01001111111000000000000101111110
01111111101000000000001111111110
01111111111000000000001011111111
01001111101000000000001011111101
01011111111100000000001111111001
00101111110100000000010011111110
00101111111110100011101111110100
00101111111010000100011111111100
00010111111100111011111111100000
00011111111111110111111111010000
00001011111111111111111110100000
00000101111111111111111111100000
00000011111111111111111001000000
00000000001111111111100110000000
