11000000111111111000010000000000
00111111111111111111101000000000
11111111111111111111110100000000
11111111111111111111111010000000
11111111111111111111111101110000
11111111100000001111111110000000
00011111111111110111111111111100
10111111111000011111111111100100
11111111000000000000111111111010
11111111110000000111111111111111
01111111110000000010111111111101
11111110100000000000001111111101
11111111100000000000010111111111
11111101000000000000011111111110
11111110100000000000010111111111
11111111110000000000001111111110
01111111010000000000000111111111
11111111111000000000000111111111
10111111111000000000001011111110
11111111101000000000001111111111
01011111111000000000001011111110
00101111111110000000011111111110
00111111111010000000011111111010
00010111111111000000010111111111
00001011111111100011101111111110
00000101111110011100011111111010
00000111111111100011111111110100
00000010111111111111111111001000
00000001011111111111111111110000
00000000100011111111111110000000
00000000011100111111111001000000
00000000000011001111000110000000
