00000000000011111111110001011000
00000011011111111111111110100000
00000000011111111111111111011010
00001011011111111111111111111110
00001111111110000011111111110110
00010011111111111100111111111000
00101111111110100011111111111110
01111111111101100001111111111110
01011111111010000000101111111110
01011111110100000000010111111111
01011111111100000000001011111110
01111111101000000000001111111111
01011111111000000000001111111111
10111111101000000000000111111111
11111111101000000000000111111111
01111111111000000000000111111111
01111111101000000000001111111110
10111111111000000000001011111111
11111111010000000000001011111110
11111111111000000000001111111110
10111111101000000000001011111110
11111111101000000000111111111000
10111111101000000000111111111110
11111111111000000000001111111100
11111111101100000011111111110100
01111111111010000101111111111100
01011111110101101111111111101000
01111111111110011011111111010000
01111111111111110111111110100000
00101111111111111111111101000000
00011111111111111111111010000000
00001011111111111111100100000000
