00000100011111111111100100000000
00001011111111111111111110000000
00011111111111011111111010000000
00011111111100100111111110000000
00101111111111011011111101000000
00101111111100100101111111100000
00101111111111010111111111100000
01111111111111000011011111110000
01011111100000000001111111011000
01111111111110000000101111111000
11111111101000000000110111111100
10111111110000000000011111110010
11111111010000000000001011111111
01111111010000000000000111111100
01111111010000000000000101111101
01111111010000000000000101111101
11111111010000000000000101111101
10111111010000000000000111111101
11111111010000000000000101111011
10111111010000000000001011111010
10111111110000000000001111111111
11111111110000000000001011110100
01011111111000000000110111111101
00111111111100000111001111101000
00101111111101010000111111010011
00011111110010101111111111111011
00011111111101011111111101100000
00001011111111111111111011000011
00000101111111111111111110000000
00000011111111111111110000001011
00000000011111111111001000001111
00000000100000000000010000001111
