00001100001111111111111111000000
00000011111111111111111110110000
00111100111111000011111111000000
01100111111110111101111111111100
10011111111111000110011111110010
11111111111010000001101111111101
11111111111110000000110111111111
11111111110100000000001011111110
11111111001000000000000101111111
11111100110000000000000010111111
11111011000000000000000011111111
11111110000000000000000001111111
11111010000000000000000001011111
11111010000000000000000001111111
11110100000000000000000001011111
11111010000000000000000011111111
11111110000000000000000011111111
11111110000000000000000010111111
11111010000000000000000111111110
11111010000000000000000111111110
11111110000000000000001111111111
11111111000000000000001101111101
11111100000000000000110011111010
01111111110000000111001111111110
11111111011000111000111111110100
11111111100111000111111111101000
11111111111000111111111111010000
01011111111111111111111100100000
00101111111111111111110011000000
00010011111111111111001100000000
00001100011111111100110000000000
00000011100100000011000000000000
