00000110111111111111111110001000
00001111111111111111111111111100
00001011111111111001111111111010
00011111111111111110011111111110
00010111111111111011101111111101
00011111111100000000010011111101
00010111111111111000001101111111
00111111111110000000000010111101
00101111110100000000000011111111
01011111111000000000000001111110
01011111101000000000000001011111
10111111110000000000000001011111
10111111010000000000000001011111
10111111100000000000000001011111
10111111110000000000000001011111
11111111010000000000000001111111
01111110100000000000000001011111
01111111100000000000000011111111
01111110100000000000000010111110
11111111100000000000000101111111
10111110100000000000001111111111
11111111010000000000001011111101
10111111101000000000110111111111
11111111101000000011001111111010
01011111111111011100111111111110
01111111110100100011111111100000
00101111111111011111111111011000
00011111111111111111111110100000
00000011111111111111111101000000
00000111111111111111100010000000
00000010001111111110011100000000
00000001110011100000100000000000
