01111111111111111111111111010000
00011111111111111111111111111000
01111111111111111111111111111100
01111111111000000001111111110010
11111111110101111110111111111101
01111111111100000001000111111110
11111111101000000000111011111111
11111111010000000000001111111111
11111110100000000000000101111111
11111101000000000000000010111111
11111111000000000000000011111111
11111101000000000000000001111111
11111111000000000000000011111111
11111010000000000000000001011111
11111110000000000000000011111111
11111010000000000000000011111111
11111010000000000000000011111111
11110010000000000000000011111111
11111110000000000000000001011111
11111010000000000000000110111111
11111110000000000000000111111111
11111110100000000000001001111111
11111111000000000000011111111110
11111110100000000000010111111101
11111111110000000000111111111111
01111111000000000001011111111111
10111111111110000011111111111010
01111111111001000000111111111010
01001111111110111011111111101000
00111111111111100011111111111000
00010111111111111111111110100000
00001001111111011111111101000000
