00000000000000000000000000000000
00000000000000000000000000000000
00000000000000000000000000000000
00000000000000000000000000000000
00000000000000000000000000000000
00000000000000000000000000000000
00000000000000000000000000000000
00000000000000000000000000000000
00000000000000000000000000000000
00000000000000000000000000000000
00000000000000000000000000000000
00000001111111111111000000000000
00111000000000000000001111100000
11000111111111111111110000001100
00111111111111111111111111110011
11111100000000000000001111111100
11000011111111111111100000011111
10111100000000000000000111110011
11000000111111111111111000000011
11111110000000000000000011111111
00111111111111111111111111111100
01000011111111111111111100000011
00011100000000000000000011111100
00000000001111111111100000000000
00000000000000000000000000000000
00000000000000000000000000000000
00000000000000000000000000000000
00000000000000000000000000000000
00000000000000000000000000000000
00000000000000000000000000000000
00000000000000000000000000000000
00000000000000000000000000000000
