00001111111111111111111010000000
10111111111100011111111111000000
10111111111101100011111100100000
11111111111111011111111111010000
00000011111111010010111111111000
00111111111111000001011111101000
00011111111100000000101111111100
00010111111011000000011111110010
00111111111110000000001111111101
00111111111010000000001011111111
00111111110100000000001111111101
00101111111100000000000101111111
00101111110100000000000010111110
00101111110100000000000011111111
00101111110100000000000001111111
00101111100000000000000001011111
00101111110000000000000001111111
00101111100000000000000000011111
00101111110100000000000101111110
00101111110100000000000011111111
00101111110100000000000010111110
00101111111100000000000101111110
00101111111010000000001011111110
00011111111010000000011111111111
00010111111110000000010111111101
00001111111111000011111111111010
00001011111101000000011111111100
00000111111101001011111111101000
00000101111110111111111111111000
00000011111111100111111110000000
00000011111111111111111001100000
00000001011111111111111110000000
