00000000001111111111111111100000
00001011111111111111111110110000
00001111111111111111111111000000
00011011111111110011111111111100
00000111111110001100011111111100
01111111111101110011111111110100
01111111111010000000010111111110
00111111110100000000011111111010
01011111111100000000001011111010
00011111101000000000001111111010
11111111010000000000000101111111
11111111110000000000000111111110
10111111010000000000000101111110
11111111100000000000000101111110
10111111110000000000000111111111
10111111110000000000000111111111
10111110100000000000000010111110
10111110100000000000000101111100
11111110100000000000000111111110
11111111100000000000001011111111
10111110100000000000011111111101
10111111110000000000010111111101
10111111010000000000111111111010
11111111110000000011001111111110
01011111101000000000111111110100
00101111110100101111111111111100
00111111111011000011111111110100
00101111111110111111111111000000
00000011111111111111111100110000
00001101111111111111111111000000
00000010011111111111110010000000
00000001101111111111101100000000
