00000000000000000000000000000000
00000000000000000000000000000000
00000000000000000000000000000000
00000000000000000000000000000000
00000000000000000000000000000000
00000000111111111110000000000000
00000110000000000001110000000000
00011000111111111110001100000000
00100111111111111111110011000000
01011111110000001111111100100000
10111100001111110000011111001000
01110011110000001111100111110100
11101100000000000000011001111010
11010000000000000000000010011101
11110000000000000000000001101110
10100000000000000000000000010111
11100000000000000000000000001011
11110000000000000000000000001111
11000000000000000000000000000101
11110100000000000000000000000111
11111000000000000000000000000101
01101100000000000000000000001111
11110011000000000000000000011011
10111100111100000000000001100111
01011111000011111111111100011110
00100111111100000000000001111101
00011000111111111111111111110010
00000110000111111111111111001100
00000000111000000000000000110000
00000000000111111111111111000000
00000000000000000000000000000000
00000000000000000000000000000000
