00000000000000000000000000000000
00000000000000000000000000000000
00000000000000000000000000000000
00000000000001111110111000000000
00000000000110000000000110000000
00000000011001111111111001100000
00000001100111111111111110011000
00000110011111000001001111100110
00011001111100111110110011111111
01111111111111110000001100111001
01111111110011000000001111111111
01100111111111110000001011111110
11111111111111110000000010011110
10011111110011000000000010111110
10011111111111000000000010111110
11111111001100000000000010001110
01100111111100000000001011111110
11111111001100000000001111111110
11111111111100000000001100111111
01100111001100000000111111111001
01111111111111000000110011111111
01100111110011000011111111111111
01100111111111000011001111100110
01100111110011001100111111111110
01100111111111111111111110011000
01111111111100110011111001100000
00011001111110011111111111100000
00011111111111111111100010000000
00000110011111111111011000000000
00000001100000000001100000000000
00000000011111111110000000000000
00000000000000000000000000000000
