00000000000000000000000000000000
00000000000000000000000000000000
00000000000000001111111100000000
00000000000000110000000011100000
00000000000001101111111100010000
00000000000010011111111111101000
00000000000101111100000011111100
00000000000111111111111101110100
00000000001011111010001001110100
00000000001111111010001011110100
00000000001011111110001011110100
00000000011111100100001001110100
00000000010111010000011111111100
00000000011111110000010011101000
00000000010111010000100111111000
00000000011111010000111111010000
00000000101111100001111111010000
00000000101110100001011111110000
00000000101111100010111100100000
00000000101110100101111011000000
00000000101111101011111101000000
00000000101110110111110100000000
00000000101111001111101000000000
00000000101111111111010000000000
00000000011111111111110000000000
00000000010111111110100000000000
00000000001011111001000000000000
00000000000100000010000000000000
00000000000011111100000000000000
00000000000000000000000000000000
00000000000000000000000000000000
00000000000000000000000000000000
