00000000000000000000000000000000
00000000000000000000000000000000
00000000000000000000000000000000
00000000000000000000000000000000
00000000000000011011111101100000
00000000000000100111111010000000
00000000000001011100100000000000
00000000000100111010000101110010
00000000001011100100000101110010
00000000100111011000000101110010
00000001011111011000000010011101
00000001011100100000000010011101
00000110111100100000000010011101
00000110111100100000000010011101
00000110111011000000000010011101
00000110111011000000000010011101
00000110111011000000000101111101
00001001111011000000000101111101
00001001100100000000000101110010
00001001100100000000000101110010
00001001100100000000011011110010
00001001100100000000011011101100
00110111100100000000100111101100
00110111100100000000100110010000
00110111100100000011011110010000
00001001100100000100111101100000
00001001100100011011111010000000
00001001111011100111100100000000
00000110111111111111010000000000
00000001011111111010000000000000
00000000000000000000000000000000
00000000000000000000000000000000
