00000000000000000000000000000000
00000000000000000111111110000000
00000000000000011100000001111000
00000000000011100011111110000100
00000000000100011111111111110010
00000000001011111111111111111101
00000000010111111000000001111111
00000000111111101111111111001110
00000001001110000000000001001110
00000011111111111000000001111111
00000010111111101000000001111111
00000111111100000000000001001110
00000111111111100000000011111111
00000101111010000000000010111111
00000111111110000000000111111101
00010011111010000000000101111111
00010011111100000000000101111110
00010011110100000000010011110010
00010011111100000000111111100100
00010011110100000000100111111100
00010011110100000001011111001000
00010011110100001110111110100000
00010011110100010001111101000000
00010011110100001111110110000000
00010011111111101111111100000000
00010011100110011111101000000000
00010011111011111110010000000000
00010111111111111100100000000000
00000101111111111011000000000000
00000010011111000100000000000000
00000001100000111000000000000000
00000000011111000000000000000000
