00000000000000000000000000000000
00000000000000000000000000000000
00000000000000111111110000000000
00000000000001000000001100000000
00000000000110111111110010000000
00000000001101111111111101100000
00000000010111111000011110010000
00000000101111000111101111111000
00000001111111011000010111101000
00000001011111010000011111111100
00000111111111110000001011110100
00000110111100100000001111110100
00000001111110100000001011110100
00000111111100100000001011110100
00000111111100100000001011110100
00000001011100100000001111110100
00000001111100100000001011110100
00000001011100100000011111111100
00000001011100100000010111101000
00000001011110100000111111111000
00000001011100100000101110010000
00000001111111110001111111110000
00000000101111010001011101100000
00000000111111001110111111100000
00000000010111110001111010000000
00000000011111111111110100000000
00000000001001111111101000000000
00000000000110011110110000000000
00000000000001100001100000000000
00000000000000011110000000000000
00000000000000000000000000000000
00000000000000000000000000000000
