00000000000000001111000000000000
00000000000011110000001111100000
00000000000000001111100000110000
00000000011111111111101111001000
00000000010111111001101111111100
00000000010011111000011111111110
00000001011111110111010011110010
00000001001111001000001101111111
00000011111110110000001111111101
00000010111110110000000011111101
00000011111111110000000010011111
00000010011111110000000011111110
00001011111001000000000010011111
00001001111111000000000011111101
00001001111101000000001111111101
00001001111001000000001101111111
00001001111001000000011111111111
00001001111001000000010011110010
00001001111001000000010011110010
00001001111001000001101111111110
00001001111111000011111111001100
00001001111001111100011111111100
00001001111101000011111110010000
00001011111110000011111111010000
00000010011111111111111001000000
00000011111111111111110110000000
00000001001111111111001000000000
00000000000111111111000000000000
00000000010000000000110000000000
00000000001111111111000000000000
00000000000000000000000000000000
00000000000000000000000000000000
