00000000000000001100000000011000
00000000000000110011111111100100
00000000000001001111111111111010
00000000000001011111000101111110
00000000000010111111000000111111
00000000000111111110111111011101
00000000001001110011000001101111
00000000011001111010000001001110
00000000100111111110000001011110
00000001111111100100000001001110
00000001011111110100000001011110
00000001011111110000000010111111
00000001011111010000000011111101
00000001011110100000000010011111
00000001011110100000000011011101
00000001011111100000000101111111
00000001011110100000001111111010
00000001011110100000001011111110
00000001011110100000001011111110
00000001011110100000011111100100
00000001011110100000110111011000
00000001011110100000110111001000
00000001011111100001101111111000
00000001011110100010011110110000
00000001011111100111111101000000
00000001011111110101111101000000
00000001111111111011111111000000
00000000100111000111111010000000
00000000101111000111110100000000
00000000111111111111100100000000
00000000010011111111011000000000
00000000000101111110100000000000
