00000000000000000000000000000000
00000000000000111111110000000000
00000000000001000000001000000000
00000000000010111111110100000000
00000000000111111111111010000000
00000000000101110000011101000000
00000000001011101111101110100000
00000000011111111000010111010000
00000000010111010000011111111000
00000000010111110000001011101000
00000000010111010000001011101000
00000000010111010000001011101000
00000000010111010000000111101000
00000000010111010000000101101000
00000000010111010000001111101000
00000000010111010000001011101000
00000000010111010000001111101000
00000000010111010000001011101000
00000000010111010000011111111000
00000000010111010000010111010000
00000000010111010000011111110000
00000000010111010000101111100000
00000000010111110000101110100000
00000000010111010001011111100000
00000000011111111010111101000000
00000000001011101101111111000000
00000000001111110011111010000000
00000000001111111111110100000000
00000000000101111111101000000000
00000000000010111110010000000000
00000000000001000001100000000000
00000000000000111110000000000000
