00000000000000000000000000000000
00000000000000000000000000000000
00000000000000000111111100000000
00000000000000111000000011100000
00000000000001000111111100010000
00000000000110111111111111101100
00000000001001111100000111110010
00000000001111100111111100111011
00000000110111110000000000111101
00000001001111011000000011011110
00000111111111110000000000100111
00000111111100100000000000111111
00000110111111100000000000010011
00001111111100100000000000011111
00001001111100100000000000010011
00001001111100100000000000011111
00000111111100100000000000111111
00000110111100100000000000100111
00000111111111100000000010111111
00000001001100100000000011011110
00000001111111110000000100111111
00000001011111111000011011111101
00000001011111011001100111110110
00000001011111111000101111111110
00000000101111101110011111111100
00000000100111111011111111111000
00000000101111111111111110010000
00000000001001111111110001100000
00000000000110001100001110000000
00000000000011110011110000000000
00000000000000011100000000000000
00000000000000000000000000000000
