00000000000000000000000000000000
00000000000000001111100000000000
00000000000000110000011000000000
00000000000001101111100100000000
00000000000011011111111010000000
00000000000100111000011101000000
00000000001001110111111111100000
00000000001011101000101110100000
00000000010111100000011110100000
00000000101111010000010110100000
00000001111111110000011110100000
00000001011110100000010110100000
00000011111001000000111110100000
00000011111110000000111110100000
00000010110100000000101111100000
00000011111100000000111101000000
00000101110100000001111101000000
00000101110100000001011111000000
00000101110100000011111010000000
00000101110100000010111110000000
00000111111100000101110100000000
00000010110100001011111100000000
00000011111110010111101000000000
00000010111010001111111000000000
00000010111011101111110000000000
00000011111100011110010000000000
00000001011111111100100000000000
00000001111111111011000000000000
00000000000111100110000000000000
00000000011000011100000000000000
00000000000111100000000000000000
00000000000000000000000000000000
