00000111100000000001100000000000
00011000011111111111011110000000
01100111111111111111100000000000
10011111111111111111111111111000
01111111111111111111111110011000
11111111111111111111111111111110
11111111110000001111111111100110
11111111001111110011111111100110
11111111001100011111111111100110
11111111101100001100111111100110
01111111001100001111111111100110
11111111001100000011001111100110
01111111011100001111111111100110
11111100110000001100111111100110
01111111110000001101111111100110
11111110110000001100111111100110
11111110110000001100111111100110
11111110110000110011111111111100
11111110110011111111111110011000
01111110110011101111111111111000
11111110110100011111111001100000
01111110110111111111111111100000
01111111110011111111100010000000
01111110111111111111011000000000
01111100111111111111001000000000
01111111000111111111101000000000
01111111111111111000100000000000
11111111111111110111000000000000
10011111111111001100000000000000
01100111111100110000000000000000
00011000000011000000000000000000
00000111111100000000000000000000
