00000000000000000000000000000000
00000000000000000000000000000000
00000000000000000000000000000000
00000000001111111100000000000000
00000011110000000011110000000000
00000000001111111100000001100000
11111111111111111111111110000000
11111111111111111111111111111100
11111111110000000001111111100110
11111111011111111110011111111001
11111100110000000001100111111111
11100111000000000000011011111110
00011000000000000000001100111110
11000000000000000000001111111110
00000000000000000000001111111111
00000000000000000000001100111111
11000000000000000000011111111111
00110000000000000000011011111110
11001100000000000001000111111111
11111111100000000111111111111001
11110000011111111100111111111111
11111111100000000011111111111111
11111111111111111111111111001000
11111111111111111111111100110000
00111111111111111111110111000000
11001111111111111111001100000000
00100000000000000000110000000000
00000111111111111000000000000000
00000000000000000000000000000000
00000000000000000000000000000000
00000000000000000000000000000000
00000000000000000000000000000000
