00000000000000000000000000000000
00000000000000000000000000000000
00000000000000000000000000000000
00000000000000000000000000000000
00000000000000000000000000000000
00001100000000000000000000000000
00110011000000000000000000000000
01001100100001111111110000000000
11111111111110000000001111100000
10111111000001111111110000010000
10111111111111111111111111101100
10111111111111111111111111110110
10111111111111111111111111111101
11111111111110000000000111111111
10111111110000111111111001111110
11111111001110000000000110111111
01111111100100000000000110111111
11111111110110000000011001111110
11111111111101100001100111111111
11111111111110011100001111111101
01111111111111100001111111110110
10001101111111111111111111101100
01111111111111111111111110010000
00000110111111111111111101100000
00000001000111111111100010000000
00000000111000110000011100000000
00000000000111001111100000000000
00000000000000111000000000000000
00000000000000000000000000000000
00000000000000000000000000000000
00000000000000000000000000000000
00000000000000000000000000000000
