10000000000000000000000000000000
01110100000000000000000000000000
11111110000000000000000000000000
11111000001111111111110000000000
00001111000000000000000111000000
11110000111111111111110000010000
10001111111111111111111111001100
01111111111111111111111111110010
11111110000000000000001111111111
11111001111111111111110011111101
11001110000000000000001101111101
00110000000000000000001111111101
11000000000000000000010011111101
00000000000000000001111111111111
00000000000000000010001111110010
00000000000000001111111111101100
00000000000000010011111111111000
11100000000001101111111100000000
00011000011100011111111111000000
11100111000011111111001000000000
11111000011111111111111000000000
11111111111111111001000000000000
11111111111110000110000000000000
00111111110001111000000000000000
11000000001110000000000000000000
00000000000000000000000000000000
00000000000000000000000000000000
00000000000000000000000000000000
00000000000000000000000000000000
00000000000000000000000000000000
00000000000000000000000000000000
00000000000000000000000000000000
