00000000000000000000000000000000
00000000000000000000000000000000
00000000000000000000000000000000
00000000000000000000000000000000
00000000000000000000000000000000
00000000000000000000000000000000
00000000000000000000000000000000
00000000000000000000000000000000
00000000011111000000000000000000
00000011100000111111000000000000
00000000011111000000110000000000
00001011111111111111001100000000
00001111111111111111110010000000
00100111111111111111111111100000
00100111111100011111111100100000
00101111111111100011111100100000
01111111110010111111111111000000
01001111111111101111111111000000
10111111101110111111100100000000
01111111101011111111111000000000
11111111110111111110100000000000
11111111111111111001000000000000
11110011111111111110000000000000
11001111111110000000000000000000
11110000000001111000000000000000
00000011111110000000000000000000
11000000000000000000000000000000
00000000000000000000000000000000
00000000000000000000000000000000
00000000000000000000000000000000
00000000000000000000000000000000
00000000000000000000000000000000
