00000000000000000000000000000000
00000000000000000000000000000000
00000000000000000000000000000000
00000000000000000000000000000000
00000000000111111100000000000000
00000011111000000111100000000000
00011100000111111000010000000000
01100011111111111111100100000000
10011111111111111111110001000000
11111111111111111111111111100000
11111111111001001111111100110000
11111111111000010111111100110000
11111110000110111011111111101000
11111111111000001100111111001000
11111111111000001111111111001000
11111110011000001100111111001000
01111111111100010011111111101000
11111111100111111111111100110000
01111111110000001111111111110000
11111111111111111111111011000000
10011111111111111111111111000000
01011111111111111111110100000000
01010111111111111111110100000000
00010011111111111110010000000000
00001100111111110001100000000000
00000011000000001110000000000000
00000000111111110000000000000000
00000000000000000000000000000000
00000000000000000000000000000000
00000000000000000000000000000000
00000000000000000000000000000000
00000000000000000000000000000000
