00000000000000000000000000000000
00000000000000000000000000000000
00000000000000000000000000000000
00000000000000000000000000000000
00000000000000000000000000000000
00000000000000000000000000000000
01111111111111100000000000000000
00000000000000000011000000000000
11111111111111111100111000000000
11111111111111111111001110000000
11111111111111111111110001100000
11111111111111111111111111111000
01111111111111111111111110011000
11111111110000000011111111111000
11111110011111111101111111100110
11111111111000011111111111100110
11111001100000011001111111100110
11111111100111000111111111111100
11111111111100111111111110011000
11111001100011111111111001100000
11111110011111111111100110000000
11111111111111111100111000000000
11111111111111110011100000000000
11111111111111001110000000000000
00000000000000110000000000000000
01111111111000000000000000000000
00000000000000000000000000000000
00000000000000000000000000000000
00000000000000000000000000000000
00000000000000000000000000000000
00000000000000000000000000000000
00000000000000000000000000000000
