11001000000000000000000000000000
11001000000000000000000000000000
11001000000000000000000000000000
00000000000000000000000000000000
11000000000000000000000000000000
00000000111111100000000000000000
00000000111111100000000000000000
00000110000000001110000000000000
00001101111111110001000000000000
00110011111111111110010000000000
01001111111111111111111000000000
11111111111111111111001000000000
10111111111001111111111000000000
10111111111011111111111010000000
10111111000110011111110010000000
10111111111001101111110010000000
10111111001011111111111010000000
10111111111010011111001000000000
10111110110011111111111000000000
10111110111001111111101000000000
10111111111111111111111000000000
10111110000011111110010000000000
10111111111111111111010000000000
11111111111111111001000000000000
01001111111111110110000000000000
00110111111111001000000000000000
00011011111111001000000000000000
00001101111000110000000000000000
00000010000111000000000000000000
00000001111000000000000000000000
00000000000000000000000000000000
00000000000000000000000000000000
