00000000000000000000000000000000
00000000000000000000000000000000
00000000000000000000000000000000
00000000000000000000000000000000
00000000000000000000000000000000
00000000000000000000000000000000
00000000111111111101110000000000
00000001100000000010001000000000
00000010011111111101110010000000
00000111111111111111111111000000
00011011111111111111111111000000
00110111111111111011110010000000
01001111111111111100001100000000
00111111111100011111110000000000
11111101111111111111010000000000
11110101111010011111010000000000
11100111111010111111010000000000
10010011111011011111010000000000
01110011111110111111110000000000
10010011111011111100100000000000
00010111111111111011000000000000
00000101111111111101000000000000
00000011111111110100000000000000
00000001001111001000000000000000
00000000110000010000000000000000
00000000001111100000000000000000
00000000000000000000000000000000
00000000000000000000000000000000
00000000000000000000000000000000
00000000000000000000000000000000
00000000000000000000000000000000
00000000000000000000000000000000
