00000000000000000000000000000000
00000000000000000000000000000000
00000000000011111000000000000000
00000000111100000111000000000000
00000010000011111000110000000000
00001101111111111111001000000000
00010011111111111111111010000000
01101111111111111111110010000000
10011111111111011111111111000000
11111111111111111111111101000000
01111111111111110011111101000000
11111111111111111111111101000000
11111111110011111101111101000000
11101111111111111001000000000000
11011111110111111111111000000000
00101111110111111110010000000000
11111111110111111110010000000000
00110011111111111110010000000000
00111111110111111110010000000000
00110111111011111110010000000000
00110111111111111111010000000000
00011111111111111001000000000000
00001001111111111111000000000000
00001011111111110010000000000000
00000010011111001000000000000000
00000001100000110000000000000000
00000000011111000000000000000000
00000000000000000000000000000000
00000000000000000000000000000000
00000000000000000000000000000000
00000000000000000000000000000000
00000000000000000000000000000000
