00000000000011000000100000000000
00000000000101111111011000000000
00000000010111111111100100000000
00000000011011111111111110000000
00000000010111111111111011000000
00000000100111111111111111000000
00001111011111110011111011000000
00000000111111001101111111100000
01001111111110111011111100100000
01011111111110010011111101100000
01011111111111010010011110010000
01011111111101000001001111110100
01011111111111000001111111110100
01011111100100000000110111100100
01011111100000000000110111100100
01011111101100000000111111111110
01111111111110000000111111111010
00100111111010000000001011111010
00100111111010000000001011111010
00101111110010000000001111111010
00101111111111000000001011111010
00001011111111000000001111111010
00001111111101000000001011111010
00001111111101000000001011111010
00000100111110110000111111111110
00000111111111001111100111100100
00000011011111110000011111110100
00000000101111110110111111100100
00000000100111111111111111110100
00000000011011111111111110010000
00000000000101111111111101100000
00000000000011001111100011000000
