00000000001111000000011110000000
00000000010000111111100001000000
00000000101111111111111110100000
00000001011111100111111111110000
00000011111110000000111111010000
00000010111011100111000111111000
00000010110110000000110111101000
00000010111100000000011111111100
01100000000000000000001011110100
00010000110000000000001111110100
11101000000000000000000101111110
11111100000000000000000111111010
11110100000000000000000101111010
11110100000000000000000111111010
11111100000000000000000010111010
00110100000000000000000011111010
01111110000000000000000010111110
01111010000000000000000010111101
01111010000000000000000010111101
10111010000000000000000010111010
10111010000000000000000010111010
10111010000000000000000010111010
10111110000000000000000011111010
10111010000000000000000010111110
10111111000000011111111111111111
10111101000000100000000001111010
10111101000011011111111111111010
10111101001100111111111111111110
10111101000011111111111111110100
00111101111111111000000000001000
00000000101111100111111111110000
00011100101111111000000000000000
