00000000000000000000000000000000
00000000000000001111100000000000
00000000000000000000011000000000
00000000000000101111100100000000
00000000000001101111111011000000
00000000000000111111111101100000
00000000000011100011111110010000
00000000000100011101111111101100
00000000010011111011011111110010
00000000101111111001101111111101
00000011011111111110111011111110
00000011111111101000001100111111
00000100111110010000000101111111
00000111111111010000000001011111
00000100111111010000000001111111
00001111111101000000000001111111
00001011111111000000000000100111
00001011111111000000000000111111
00001011110010000000000000100111
00001011111111000000000001111111
00001011111101000000000001011111
00001011111101000000000001011111
00001011111111000000000001111110
00001111111101000000000110111111
00000100111111010000111001111101
00000111111110111111100111111111
00000111111111000000111111110010
00000011011111111111111111111110
00000000100111111111111111100100
00000000011011111111111100010000
00000000000100011111100011100000
00000000000011100000011100000000
