00000000000000000000000000000000
00000000000000000001111100000000
00000000000000001010000010100000
00000000000000110001111100011100
00000000000001101111111111100010
00000000000010011111111111111101
00000000000101111111111111111111
00000000011011111111000000111110
00000000110111111000111111011110
00000001001111110011000001101110
00000011111110101100000011111111
00000010111111100000000010011101
00001101111001000000000101111111
00010011110110000000000111111010
00111111101100000000001011111100
00101111111100000000110111111100
01111111010000000001101111001000
01011110100000000011001111111000
10111111000000000100111110000000
11111001000000001011111011000000
01110010000000110111111110000000
11111000000011001111100100000000
11101000011100111111011000000000
11110001110011111101100000000000
11011110001111110010000000000000
11100001111111101100000000000000
11111111111111010000000000000000
11111111111100100000000000000000
00111110000001000000000000000000
01000001011100000000000000000000
00111110000000000000000000000000
00000000000000000000000000000000
