00000000011111111111100000000000
00000000100000000000011000000000
00000001011111111111100101000000
00000000111111111111111000110000
00000111111111111111111111001000
00011011111101111111111111110100
00000111110111111000011111111010
00111111001000000111100011111101
01111110110001111000011100111110
01011101000000000000000011011111
01111111000000000000000000111111
10111010000000000000000000010011
11111110000000000000000000011111
10111010000000000000000000010111
01111100000000000000000000010111
01110100000000000000000000010111
01110100000000000000000000010111
01110100000000000000000000011111
01110100000000000000000000111110
01111100000000000000000001111111
10111010000000000000000010011101
10111110000000000000000111111010
10111010000000000000001011111100
10111101000000000000110111100000
01111111000000000011001111010000
01011110111000001100111110100000
00101111000111110011111101000000
00011111111000001111111010000000
00010111111111111111000100000000
00001011111111111110110000000000
00000100000000000001000000000000
00000011111111111110000000000000
