00000000101111111000000000000000
00000001011101111111010000000000
00000011111111011111110000000000
00000010111010101111010000000000
00000011110110011111111000000000
00000000111100111111111100000000
00000101111100110111110100000000
00000111101000010111111100000000
00001011110000001101111010000000
00001011100000000111111111000000
00001011000000000010111101000000
00001011111000000011111111000000
00001011101000000010111100000000
00001111111100000010111110100000
00000101110100000011111110100000
00000010111010000001011110100000
00000011111010000000101110100000
00000011111000000000111110100000
00000001011000000011011110100000
00000001111000000000011110100000
00000001011100001011011110100000
00000001011000001111111110100000
00000001111101001011011110100000
00000000101101100111111110100000
00000000111110011111111110000000
00000000101111111111111111000000
00000000111111111111111101000000
00000000010111111111111111000000
00000000001011111111111010000000
00000000001111111111111110000000
00000000000001111111111110000000
00000000000010111111110100000000
