00000000000000000000110000000000
00000000000000001111001111000000
00000000000000110000110000111000
00000000011111001111111111000100
00000000100000111111111111111010
00000001011111111111111111111101
00000111111111111110001111111111
00000110111111111001110111111110
00001001111111000110001011111111
00001001111100011000001111111111
00001011111011000000000100111111
00111111110100000000000101111111
00101111110100000000000101111111
00101111110100000000000101111110
00101111111100000000000101111111
00111111101000000000000101111110
00010111111000000000000101111110
00011111101000000000000101111110
00010111111000000000000101111110
00010111101000000000000101111111
00010111111100000000000101111101
00010111111100000000000101111111
00010111110100000000000101111111
00011111111100000000000111111010
00001001111110000000000110111110
00001111111011111111111001111110
00001001111100000000000111111010
00001111111111111111111111111111
00000110111111111111111111111101
00000111111111111111111111111101
00000001111111111111111111111111
00000001011111110000000111111010
