00000110111000111111111111100000
00000111111100111100011110010000
00001001110100000011101111111000
00011111111100111100111111111000
00011111101000000000010111101000
00010111111000000000011111110100
00111111010000000000011111111010
00101111110000000000001011111101
01111100100000000000001111111110
01011111100000000000000100111111
11111001000000000000000011011111
10111101000000000000000000101111
11111100000000000000000000010111
01110100000000000000000000011111
01111100000000000000000000010111
01110100000000000000000000111111
01110110000000000000000000101111
01111000100000000000000000111110
11111110011000000000000010011111
10111111100100000000000010111110
01011111111010000000000010011110
00101111111100100000000111111111
00010001111111110000000101111101
00001110111111110000000101111111
00000001011110010000000111111111
00000000101111111000000100111010
00000000111111111000001111111110
00000000111111101000001011111010
00000000010111111100010111111110
00000000011111110111101111110100
00000000011111111000011111111100
00000000000001111111111111010000
