00000000000000000000000000000000
00000000000000000001111000000000
00000000000000000000111100000000
00000000000000000000011110000000
00000000000000000011111111000000
00000000000000001111000111000000
00000000000000011100000001100000
00000000000001110000000001100000
00000000000011000000000001100000
00000000000110000000000001100000
00000000001100000000000001100000
00000000011000000000000001100000
00000000110000000000000001100000
00000000100000000000000001100000
00000001100000000000000011000000
00000001100000000000000011000000
00000011000000000000000011000000
00000011000000000000000110000000
00000011000000000000000110000000
00000011000000000000001100000000
00000011000000000000001100000000
00000011000000000000001100000000
00000011000000000000011000000000
00000011000000000000011000000000
00000011000000000000110000000000
00000011000000000001100000000000
00000001100000000001100000000000
00000001100000000011000000000000
00000000110000000110000000000000
00000000011100001110000000000000
00000000001111111100000000000000
00000000000001100000000000000000
