00000000000000000000000000000000
00000000000000000000000000000000
00000000000000000000000000000000
00000000000000011111111110000000
00000000000001111111111111000000
00000000000011100111111111100000
00000000000111000000000001110000
00000000001110000000000001110000
00000000001100000000000000110000
00000000011100000000000000110000
00000000011000000000000000110000
00000000111000000000000000110000
00000000110000000000000000110000
00000001100000000000000000110000
00000001100000000000000000110000
00000011000000000000000000110000
00000011000000000000000000110000
00000111000000000000000001110000
00000110000000000000000001110000
00001110000000000000000001100000
00001110000000000000000001100000
00001100000000000000000011100000
00001100000000000000000111000000
00001100000000000000001111000000
00001100000000000000011100000000
00001100000000000000111000000000
00001110000000000011110000000000
00000111000000011111100000000000
00000011111111111100000000000000
00000001111111110000000000000000
00000000000000000000000000000000
00000000000000000000000000000000
