00000000000111100000000000000000
00000000001110100000000000000000
00000000011000111100000000000000
00000000111111111111111100000000
00000000111110000000001111100000
00000001110000000000000001110000
00000001100000000000000000011000
00000011000000000000000000011000
00000011000000000000000000001000
00000011000000000000000000011000
00000011000010000000000000011000
00000010000111100000000000011000
00000010000000100000000000110000
00000110000000000000000001110000
00000110000000000000000001100000
00000110000000000000000011100000
00000110000000000000000011000000
00000110000000000000000011000000
00000110000000000000000110000000
00000110000000000000000110000000
00000110000000000000001100000000
00000110000000000000011000000000
00000110000000000000011000000000
00000100000000000000110000000000
00000100000000000001100000000000
00000100000000000001100000000000
00000110000000000011000000000000
00000110000000000110000000000000
00000110000000011100000000000000
00000011111111110000000000000000
00000000011111000000000000000000
00000000000000000000000000000000
