00000000000000001000000000000000
00000000000000111100000000000000
00000000000000111100000000000000
00000000000001111100000000000000
00000000001111111110000000000000
00000000111111011111100000000000
00000000110110000001110000000000
00000000110110000000011000000000
00000000111100000000001100000000
00000000011100000000000110000000
00000000001100000000000110000000
00000000001000000000000110000000
00000000011000000000000110000000
00000000011000000000000110000000
00000000011000000000000110000000
00000000010000000000000110000000
00000000110000000000001100000000
00000000110000000000001100000000
00000000110000000000011000000000
00000000110000000000011000000000
00000000110000000000111000000000
00000001110000000000110000000000
00000001100000000001100000000000
00000001100000000001100000000000
00000001110000000011000000000000
00000000110000000111000000000000
00000000111000001110000000000000
00000000011100011100000000000000
00000000001111111000000000000000
00000000000000000000000000000000
00000000000000000000000000000000
00000000000000000000000000000000
