00000000000000000000000000000000
00000000000000000011111110000000
00000000000000000111111111100000
00000000000000011111000011100000
00000000000000111100000011110000
00000000000011111000000001110000
00000000001111100000000001110000
00000000011111000000000001110000
00000000011111000000000001110000
00000000011110000000000011110000
00000000011110000000000011100000
00000000111100000000000011100000
00000000111000000000000111000000
00000000111000000000000111000000
00000000110000000000001110000000
00000001110000000000001110000000
00000001110000000000011100000000
00000001110000000000011000000000
00000011100000000000111000000000
00000011100000000001110000000000
00000011100000000001110000000000
00000011100000000011100000000000
00000011100000000011100000000000
00000111000000000111000000000000
00000111000000001110000000000000
00000111000000001110000000000000
00000111000000011100000000000000
00000111000000111000000000000000
00000111100001110000000000000000
00000011111111100000000000000000
00000000111111000000000000000000
00000000000000000000000000000000
