00000000000000000000000000000000
00000000000000000000000000000000
00000000000000000000000000000000
00000000000000000000000000000000
00000000100000011111111000000000
00000000100111111111111110000000
00000001101111000000001111000000
00000001111100000000000011100000
00000001111000000000000011100000
00000001110000000000000011100000
00000011100000000000000011100000
00000011100000000000000011000000
00000011100000000000000111000000
00000011110000000000000111000000
00000110000000000000001110000000
00000110000000000000001100000000
00000110000000000000011100000000
00000110000000000000011000000000
00000110000000000000111000000000
00000110000000000000110000000000
00000110000000000001100000000000
00000110000000000011100000000000
00000110000000000011000000000000
00001110000000000110000000000000
00001110000000001110000000000000
00000110000000011100000000000000
00000110000000111000000000000000
00000111000011110000000000000000
00000011111111000000000000000000
00000001111100000000000000000000
00000000000000000000000000000000
00000000000000000000000000000000
