00000000000000000000000000000000
00000000000000000000000000000000
00000000000000000000000000000000
00000000000000000000000000000000
00000000000000111000000000000000
00000000001111111111110000000000
00000000011110000111111100000000
00000001111100000000011110000000
00000011111000000000000111000000
00000111011000000000000011100000
00001100011000000000000001110000
00001100010000000000000000110000
00011000110000000000000000110000
00011000110000000000000001110000
00010000110000000000000001100000
00011000110000000000000001100000
00011000110000000000000011000000
00000000110000000000000111000000
00000000110000000000000110000000
00000000100000000000001110000000
00000000100000000000011100000000
00000001100000000000111000000000
00000001100000000000110000000000
00000001100000000001100000000000
00000001100000000011100000000000
00000001100000000111000000000000
00000000110000011110000000000000
00000000111000111100000000000000
00000000011111110000000000000000
00000000000000000000000000000000
00000000000000000000000000000000
00000000000000000000000000000000
