00000000000000000000000000000000
00000000001111111111000000000000
00000000100111000000111100000000
00000001111111111111000111000000
00000001011111111111111000000000
00000001011111111111111111110000
00000001011110000000011111001000
00000001111111111111100111110100
00000001011110100000011011111110
00000010111110100000000101111010
00000010111111000000000011111101
00000010111101000000000001011101
00000010111101000000000001011101
00000010111101000000000001111101
00000010111101000000000001011111
00000010111101000000000011111010
00000010111101000000000011111110
00000010111101000000000010111110
00000010111101000000000111110100
00000010111101000000000101111100
00000010111101000000001011111100
00000010111101000000010111101000
00000010111101000001101111010000
00000010111111000010011110100000
00000010111001000111111111100000
00000011111111111101111101000000
00000001001110000111110110000000
00000001111111111111101100000000
00000000000111111111011000000000
00000000001011111100100000000000
00000000000100000011000000000000
00000000000011111100000000000000
