00000000001011101111000000000000
00000000001011111001110000000000
00000000001111010110001000000000
00000000000111111111110100000000
00000000000111001111111100000000
00000000000111011111111111000000
00000000000111010000111101000000
00000000000111011111011110100000
00000000000111010000100111010000
00000000000111110000011111111000
00000000001011010000000111101000
00000000001011010000001011101000
00000000001011111000001111101000
00000000001011101000001011101000
00000000001011101000001011101000
00000000001011101000001011101000
00000000001011101000000111101000
00000000001011101000000111101000
00000000001011101000001011111000
00000000001011101000010111010000
00000000001011101000111110100000
00000000001011101000111110100000
00000000001011101000101111100000
00000000001011111101011100000000
00000000001111111111111111000000
00000000000101110110111101000000
00000000000101111001111101000000
00000000000111111001111100000000
00000000000010111111110100000000
00000000000001011111111100000000
00000000000000101111000000000000
00000000000000011001110000000000
