00000000000011000000110000000000
00000000000100111111001000000000
00000000001011111111110100000000
00000000000111111111111000000000
00000000001111000000111110000000
00000000001110111111011100000000
00000000001111000000101111000000
00000000001110000000011110000000
00000000001110000000000111000000
00000000000110000000001111000000
00000000001110000000000111000000
00000000000110000000000111000000
00000000000110000000000011000000
00000000000110000000000111000000
00000000000110000000000011000000
00000000000110000000000111000000
00000000000110000000001111000000
00000000000110000000000111000000
00000000000110000000001110000000
00000000000110000000011111000000
00000000000110000000001110000000
00000000000110000000001110000000
00000000000110000000111100000000
00000000000100000001011110000000
00000000000111000010111000000000
00000000000110000101110100000000
00000000000111111011111000000000
00000000000111000111100000000000
00000000000111111111010000000000
00000000000011111110100000000000
00000000000100111001000000000000
00000000000011000110000000000000
