00000000000000000000000000000000
00000000010000111111110000000000
00000001001111111111111100100000
00000000111111111111111111010000
00001011111111100000111111100000
00001111111110011111001111111100
00010111111111100000110011110100
00000000011000000000001101111110
00000111011110000000000010111010
00000011111000000000000010111010
00000010111000000000000111111110
00000010111000000000000101110100
00000010111000000000001111111100
00000010111000000000001011100000
00000010111000000000001111110000
00000010111000000000001011101000
00000010111000000000010111111000
00000010111000000000101111010000
00000010111000000001111111110000
00000010111000000001111110100000
00000010111000000001011101000000
00000010111000000011111111000000
00000010111000000010111111000000
00000010111100001011111010000000
00000010111000001111110100000000
00000011111111001011111100000000
00000001011101110111110000000000
00000001111111001111010000000000
00000000101110111111110000000000
00000000101111111100000000000000
00000000001111111101000000000000
00000000000011111000000000000000
