00000000000001111111111110000000
00000000000110000000000000100000
00000000111001111111111111011000
00000011000111111111111111100100
00001110111111111111111111111010
00010011111111111011001111111101
00101111111111000000110001111111
01011111110011011111011110011110
11111111101111111000000001111110
11111110010111101000000000111111
01011001111111101000000000101111
00100110010111101000000001111110
00011000011111101000000000011111
00000000001111111000000101111110
00000000001111010000000101111111
00000000001111010000000000111101
00000000001111010000000010111101
00000000001111010000000010111110
00000000001111011100000101111000
00000000001111110000001011110110
00000000001111001101011111111110
00000000001111111101111111101000
00000000001111111101101111010110
00000000001111000011011111110000
00000000001111110100111110100000
00000000001111011011111111100000
00000000001111100111111000000000
00000000001111111111110110000000
00000000001111111111101000000000
00000000010111111111111000000000
00000000001111111110100000000000
00000000000000000001000000000000
