00000000000000000000000000000000
00000000000000000000000000000000
00000000111000000000000000000000
00000000000000000000000000000000
00000010111101011100000000000000
00000011111101100011100000000000
00000010111101011100011100000000
00000111110011111111100110000000
00000101111010111111111101000000
00000101110010000001111110100000
00000101110010111100011111010000
00000101110010000011100111101000
00000111111010000000011111111100
00000010110010000000001011110100
00000011111101000000000101110100
00000010111101000000000111110100
00000010111101000000000101110100
00000010111101000000001111110100
00000010111101000000001111110100
00000010111101000000001011111100
00000010111101000000000111101000
00000010111101000000011111010000
00000010111001000001101111110000
00000010111111100010011110100000
00000011111110100111111111100000
00000001001110011101111101000000
00000001111111100111111111000000
00000000100111111111100000000000
00000000001011111111111100000000
00000000000100111100000000000000
00000000000011000011100000000000
00000000000000111100000000000000
