00000000000000111000000011000000
00000000000011000111111100000000
00000000000100111111111111100000
00000000001011111111111111010000
00000000010111111111001111100000
00000000101111110000110011110000
00000001011111001111001101110000
00000000111100110000000011110000
00000001111111000000000001110000
00000001111100000000000001110000
00000001111000000000000001110000
00000001111000000000000001110000
00000001111100000000000001110000
00000000111000000000000011100000
00000001111000000000000001110000
00000000110000000000000111100000
00000001111000000000000011100000
00000001110000000000001111100000
00000001110000000000010111000000
00000001110000000000001111100000
00000001110000000000011110000000
00000001110000000000111110000000
00000001110000000001011110000000
00000001110000000010111100000000
00000001111000000101111110000000
00000001110110111011111000000000
00000001111001000111110100000000
00000001111110111111101000000000
00000001111111111111010000000000
00000000111111111110100000000000
00000001001111111101000000000000
00000000110000000010000000000000
