00000000001011111011111110100000
00000000010111100000101110100000
00000000101110010000011111100000
00000001111111100000010111010000
00000001011111100000010111010000
00000010111110100000010111010000
00000011111110100000010111010000
00000101111111000000010111010000
00000101111101000000011111100000
00000101111101000000010110100000
00000010111101000000101110100000
00000010111010000000101110100000
00000010111010000000111110100000
00000011111010000000101110100000
00000101111010000001011100100000
00000111111010000001011111000000
00000101111010000001011101000000
00000100111010000001111111000000
00000101111010000011111010000000
00000101111010000010111010000000
00000101111010000101111110000000
00000101110010000101110100000000
00000101111010001011111100000000
00000101111010011111101000000000
00000101111110110111010000000000
00000111111011001111110000000000
00000010111100111110100000000000
00000001111111111101000000000000
00000001111111110010000000000000
00000000101111101100000000000000
00000000010000010000000000000000
00000000001111100000000000000000
