00000101111111100000000000000000
00000111100000011100000000000000
00001011111111100011000000000000
00011111111111111100100000000000
00010111111111111111010000000000
00010111000000001111101000000000
00010111111111110011110100000000
00010111010000001101111010000000
00010111010000000010111101000000
00011111010000000001011110100000
00010111010000000000101111110000
00111111100000000000010111010000
00101110100000000000011111010000
00101110100000000000011111010000
00101110100000000000111110100000
00101110100000000000101111100000
00101110100000000000101110100000
00101110100000000000111110100000
00101110100000000001111111000000
00101110100000000001011101000000
00101110100000000010111010000000
00101110100000000011111110000000
00101110100000000101110100000000
00101110100000000111111100000000
00101110100000001111101000000000
00101110100000011011111000000000
00101110100000111111010000000000
00111111100001101111100000000000
00010111111110011110100000000000
00010111000001111101000000000000
00011111111111111010000000000000
00001011111111110100000000000000
