01101111111111111010000000000000
11011111111111111101000000000000
10111100000000011111100000000000
01110011111111110111100000000000
11111100000000010111010000000000
11011000100000001011110000000000
11010011010000001111101000000000
11010100000000001011111000000000
00001011111110000101110100000000
11010111111000000111110100000000
00111110000000000101110100000000
01111100110000000101110100000000
01011111000000000101110100000000
01011101000000000101110100000000
01011101000000000101110100000000
01011101000000000101110100000000
01011101000000000101110100000000
01011101000000000111110100000000
01011101000000000101110100000000
01011101000000001011101000000000
01011101000000001011101000000000
01011101000000010111111000000000
01011111000000011111010000000000
01011100000000101111100000000000
00101110100001111110100000000000
00101111110001011111000000000000
00010111011110111111000000000000
00011111100001111010000000000000
00001011111111110100000000000000
00000101111111101000000000000000
00000010011110010000000000000000
00000001100001100000000000000000
