00000000000000000000000000000000
00000000000000000000000000000000
00000000000000000000000000000000
00000000000000000000000000000000
00000000000001111100000000000000
00000000000110000001000000000000
00000000001001111100100000000000
00000000000111111111010000000000
00000000101111000111111000000000
00000000101110111101110000000000
00000000101111100111110000000000
00000000101110100010110000000000
00000000101110100011110000000000
00000000101110100010110100000000
00000000101110100010110100000000
00000000101110100010110100000000
00000000101110100010110100000000
00000000101110100010110100000000
00000000001110100010110100000000
00000000101110100010110100000000
00000000101110100000000000000000
00000000101110100011110000000000
00000000101111100000000000000000
00000000101110111011010000000000
00000000101111000011010000000000
00000000001111111110100000000000
00000000001111111101000000000000
00000000001111111010000000000000
00000000000000000100000000000000
00000000000111111000000000000000
00000000000000000000000000000000
00000000000000000000000000000000
