00000000000000000000000000000000
00000000000000000000000000000000
00000000000000000000000000000000
00000000000000000000000000000000
00000000000000000000000000000000
00000000000000000000000000000000
00000000000000000000000000000000
00000000000000000011111100000000
00000000000000000100000000000000
00000000000000000011111110000000
00000000000000011111111110000000
00000000000000011111000000000000
00000000000000101111111100000000
00000000000001011101000000000000
00000000000011110010000000000000
00000000000011111100000000000000
00000000000010110100000000000000
00000000000101101000000000000000
00000000000101111000000000000000
00000000000010000000001100000000
00000000000000100000000000000000
00000000001011010000101101000000
00000000001111111111101101000000
00000000000101100000100000000000
00000000000111111111101100000000
00000000000101111111111000000000
00000000000000011110010000000000
00000000000001100001100000000000
00000000000000011110000000000000
00000000000000000000000000000000
00000000000000000000000000000000
00000000000000000000000000000000
