00000000000000000000000000000000
00000000000000000000000000000000
00000000000000000000000000000000
00000000000000000000000000000000
00000000000000000000000000000000
00000000000000000000000000000000
00000000000000000000000000000000
00000000000000001111110000000000
00000000000000110000000000000000
00000000000000001111111000000000
00000000000010111111111010000000
00000000000010111110000000000000
00000000000000000001111000000000
00000000000000111110000000000000
00000000000000000000000000000000
00000000000000000000000000000000
00000000000000000000000000000000
00000000000000000000000000000000
00000000000000000000000000000000
00000000000000000000000000000000
00000000001110000000000000000000
00000000000000000010000000000000
00000000101110110000000000000000
00000000101110001011010000000000
00000000011111111011000000000000
00000000000001111000000000000000
00000000000110000000000000000000
00000000000001110000000000000000
00000000000000000000000000000000
00000000000000000000000000000000
00000000000000000000000000000000
00000000000000000000000000000000
