00000000000000000000000000000000
00000000000000000000000000000000
00000000000000000000000000000000
00000000000000000000000000000000
00000000000000000000000000000000
00000000000000000000000000000000
00000000000000000000000000000000
00000000000000000000000000000000
00000000000000011000000000000000
00000000000000000000000000000000
00000000000000011000001110000000
00000000000001011010000000000000
00000000000000000000101110100000
00000000000000011000101110100000
00000000000000000000101110100000
00000000000000000000101110100000
00000000000000000000111111000000
00000000000000000000000000000000
00000000000000000001011110000000
00000000000000000001011010000000
00000000000000000000000000000000
00000000000011000000011000000000
00000000000000011100000000000000
00000000001011100000000000000000
00000000000111111101000000000000
00000000000000011101000000000000
00000000000001000000000000000000
00000000000000011100000000000000
00000000000000000000000000000000
00000000000000000000000000000000
00000000000000000000000000000000
00000000000000000000000000000000
