00000000000000000000000000000000
00000000000000000000000000000000
00000000000000000000000000000000
00000000000000000000000000000000
00000000000000000000000000000000
00000000000000000000000000000000
00000000000000000000000000000000
00000000000000000000000000000000
00000000000011000010000000000000
00000000001000000000000000000000
00000000011011010110100000000000
00000000111111110110000000000000
00000000101110100000000000000000
00000000101101000000000000000000
00000000010010000000000000000000
00000000000100000000000000000000
00000010111010000000000000000000
00000010111110000000000000000000
00000010110100000000000000000000
00000010111110000000000000000000
00000000111010000000000000000000
00000000000000000000000000000000
00000000011000000000000000000000
00000000000000000000000000000000
00000000000000000000000000000000
00000000000000000000000000000000
00000000000000000000000000000000
00000000000000000000000000000000
00000000000000000000000000000000
00000000000000000000000000000000
00000000000000000000000000000000
00000000000000000000000000000000
