00000000000000000000000000000000
00000000000000000000000000000000
00000000000000000000000000000000
00000000000000000000000000000000
00000000000000000000000000000000
00000000000000000000000000000000
00000000000011100000000000000000
00000000000000000000000000000000
00000000001111100100000000000000
00000000001011110000000000000000
00000000011111000000000000000000
00000000010110100000000000000000
00000000000001000000000000000000
00000000000110000000000000000000
00000000000000000000000000000000
00000000000000000000000000000000
00000000000000000000000000000000
00000000000000000000000000000000
00000000000000000000000000000000
00000000000000000000000000000000
00000000000000000000000000000000
00000000000001110000000000000000
00000000000000000000000000000000
00000000000101111010000000000000
00000000000101111010000000000000
00000000000000000000000000000000
00000000000001110000000000000000
00000000000000000000000000000000
00000000000000000000000000000000
00000000000000000000000000000000
00000000000000000000000000000000
00000000000000000000000000000000
