00000000000000000000000000000000
00000000000000000000000000000000
00000000000000000000000000000000
00000000000000000000000000000000
00000000000000000000000000000000
00000000000000000000000000000000
00000000000000000011000000000000
00000000000000001000000000000000
00000000000110000111011000000000
00000000001000011111000000000000
00000000010110111111011110000000
00000000111110100000011100000000
00000000101111101011101100000000
00000001011000000000111101000000
00000000011110000000000000000000
00000000000000000000001100000000
00000000001000000000000000000000
00000000000000000000000000000000
00000000000000000000000000000000
00000000000000000000000000000000
00000000000000000000000000000000
00000000000000000000000000000000
00000000000000000011000000000000
00000000110000001100000000000000
00000000001111110011010000000000
00000000110000001111010000000000
00000000111111111101000000000000
00000001011111110000000000000000
00000000100110000100000000000000
00000000010000110000000000000000
00000000001111000000000000000000
00000000000000000000000000000000
